shape_id,shape_pt_lat,shape_pt_lon,shape_pt_sequence
shapes_86_1,24.33647345597836,124.15548307486462,10001
shapes_86_1,24.33567232927074,124.15557197149612,10002
shapes_86_1,24.3354810076055,124.15549993427705,10003
shapes_86_1,24.335323201925863,124.15528127203288,10004
shapes_86_1,24.33523522204058,124.15491955689507,10005
shapes_86_1,24.335214274113095,124.15436932031298,10006
shapes_86_1,24.335184947515955,124.15077516088789,10007
shapes_86_1,24.335132810887302,124.14598754483451,10008
shapes_86_1,24.33410124961167,124.14096849330237,10009
shapes_86_1,24.33398673452016,124.14043818273059,10010
shapes_86_1,24.333904805184623,124.13992473091642,10011
shapes_86_1,24.333787496946226,124.13640362894513,10012
shapes_86_1,24.334011872246442,124.13305827649313,10013
shapes_86_1,24.334034216556372,124.12906919256787,10014
shapes_86_1,24.334060285211304,124.11966051411584,10015
shapes_86_1,24.334056561011522,124.11034328615644,10016
shapes_86_1,24.334070060731776,124.10734125580349,10017
shapes_86_1,24.33407331923843,124.10434484459985,10018
shapes_86_1,24.334600273330874,124.10049319278188,10019
shapes_86_1,24.335091381206084,124.09863352775575,10020
shapes_86_1,24.335531282012635,124.0969169139862,10021
shapes_86_1,24.336170415580685,124.09573393211758,10022
shapes_86_1,24.336658259040956,124.0948263235987,10023
shapes_86_1,24.336668034454178,124.09444008550055,10024
shapes_86_1,24.336572374465476,124.094133291801,10025
shapes_86_1,24.336201604055375,124.09350820973488,10026
shapes_87_1,24.336198345566178,124.09349441528322,20001
shapes_87_1,24.33657726224077,124.09412920464095,20002
shapes_87_1,24.33667012937592,124.09446767374904,20003
shapes_87_1,24.336659422689642,124.09481993698138,20004
shapes_87_1,24.33554664372835,124.09688319483395,20005
shapes_87_1,24.335029236323216,124.09887135034296,20006
shapes_87_1,24.334606557471435,124.10046739190877,20007
shapes_87_1,24.33446504363381,124.10154231991329,20008
shapes_87_1,24.33406843132925,124.10435020934531,20009
shapes_87_1,24.33405283681164,124.10893883017707,20010
shapes_87_1,24.334030492206672,124.13322482752848,20011
shapes_87_1,24.333779815907356,124.13637118672342,20012
shapes_87_1,24.3338533664203,124.13836930507388,20013
shapes_87_1,24.333902710310362,124.14000468575978,20014
shapes_87_1,24.334436414952844,124.1426416803006,20015
shapes_87_1,24.33511791488488,124.14600133830393,20016
shapes_87_1,24.335140259148904,124.14799588026655,20017
shapes_87_1,24.335184947366802,124.15140867233278,20018
shapes_87_1,24.3352147399508,124.1544168335895,20019
shapes_87_1,24.335238014977982,124.15471059932317,20020
shapes_87_1,24.335278513756744,124.15499210357667,20021
shapes_87_1,24.33538837289007,124.1552409105498,20022
shapes_87_1,24.335514523829428,124.15539673405875,20023
shapes_87_1,24.335687690820198,124.15548205332018,20024
shapes_87_1,24.335896235546834,124.15550146855823,20025
shapes_87_1,24.336506971753256,124.15546315081885,20026
shapes_88_1,24.33647066288174,124.15551526202765,30001
shapes_88_1,24.33573843053359,124.15556073188783,30002
shapes_88_1,24.335591331802902,124.15554489336502,30003
shapes_88_1,24.335444698439936,124.15549738107077,30004
shapes_88_1,24.335325995159657,124.15541614798713,30005
shapes_88_1,24.335232894194924,124.15529864156271,30006
shapes_88_1,24.335156086004126,124.1551223825809,30007
shapes_88_1,24.3351104669203,124.15491087114789,30008
shapes_88_1,24.334972677371002,124.14600491567401,30009
shapes_88_1,24.333740014892125,124.14007442319418,30010
shapes_88_1,24.333583603680022,124.13635100565445,30011
shapes_88_1,24.333721394590892,124.13300769629133,30012
shapes_88_1,24.333417416704748,124.13158484858288,30013
shapes_88_1,24.33294119860083,124.1303913932643,30014
shapes_88_1,24.322992812070392,124.11403860402062,30015
shapes_88_1,24.317080206268432,124.10458292404657,30016
shapes_88_1,24.31114311090624,124.09539495944048,30017
shapes_88_1,24.31050524906897,124.0940165515349,30018
shapes_88_1,24.30968207440049,124.09226008836413,30019
shapes_88_1,24.308885899792617,124.0880870819092,30020
shapes_88_1,24.30731029630526,124.08029079611879,30021
shapes_88_1,24.308457547901337,124.07419681199829,30022
shapes_88_1,24.310815327619657,124.06807216582821,30023
shapes_88_1,24.3113293451734,124.06695231213236,30024
shapes_88_1,24.3120668426462,124.06620638692404,30025
shapes_88_1,24.31233129912232,124.06567301106408,30026
shapes_88_1,24.31287324125661,124.06530516469503,30027
shapes_88_1,24.31362935091846,124.06498636555627,30028
shapes_88_1,24.31430910041579,124.06482696664172,30029
shapes_88_1,24.324000254854976,124.06252180575396,30030
shapes_88_1,24.326815840053676,124.06148366513663,30031
shapes_88_1,24.327992707813436,124.0597915684339,30032
shapes_88_1,24.328774796450077,124.05800956534223,30033
shapes_88_1,24.34564252786935,124.01373931526908,30034
shapes_88_1,24.345860365464958,124.01323250611314,30035
shapes_88_1,24.34607261728899,124.0127032151213,30036
shapes_88_1,24.346193638142086,124.0119818292442,30037
shapes_88_1,24.34625507922455,124.01129722682526,30038
shapes_88_1,24.347116415957174,124.00023324167707,30039
shapes_88_1,24.34698445790926,123.9982882570621,30040
shapes_88_1,24.34637237569272,123.99664904394741,30041
shapes_88_1,24.345454479552473,123.9941941842335,30042
shapes_88_1,24.344666210132623,123.9932313988902,30043
shapes_88_1,24.344525405604973,123.99275422074426,30044
shapes_88_1,24.344437897467714,123.99176256989452,30045
shapes_89_1,24.344436035445813,123.9917298726141,40001
shapes_89_1,24.34452377648609,123.9927427260773,40002
shapes_89_1,24.344666908314995,123.99323727408047,40003
shapes_89_1,24.345461461556248,123.99420133668174,40004
shapes_89_1,24.34699260345702,123.99830358383043,40005
shapes_89_1,24.347118510463737,124.00024320402737,40006
shapes_89_1,24.346795015281305,124.00417532146096,40007
shapes_89_1,24.346496188724764,124.0079682217038,40008
shapes_89_1,24.34641240548772,124.00985751839474,40009
shapes_89_1,24.346363997243998,124.0106555397506,40010
shapes_89_1,24.346303487211614,124.01141984228163,40011
shapes_89_1,24.346210394614065,124.0120349600329,40012
shapes_89_1,24.346061445898027,124.01252338138876,40013
shapes_89_1,24.327799046569922,124.0583610525937,40014
shapes_89_1,24.32732420398146,124.05911718080463,40015
shapes_89_1,24.32673763139169,124.05978747701741,40016
shapes_89_1,24.32610263995126,124.06027589509904,40017
shapes_89_1,24.325277704834583,124.06073161720998,40018
shapes_89_1,24.314327722673802,124.06424250046258,40019
shapes_89_1,24.31321218694839,124.06508241430856,40020
shapes_89_1,24.312105952702055,124.06607150507628,40021
shapes_89_1,24.31016722651039,124.06932694721037,40022
shapes_89_1,24.30846499690985,124.07309328205885,40023
shapes_89_1,24.307079358026304,124.07642228063197,40024
shapes_89_1,24.306980647106286,124.07868862414037,40025
shapes_89_1,24.3084510286758,124.08625807074714,40026
shapes_89_1,24.309644361243016,124.0922248365678,40027
shapes_89_1,24.31108072213882,124.09528357704404,40028
shapes_89_1,24.315737492946095,124.10234928174762,40029
shapes_89_1,24.318034620948495,124.10595519220807,40030
shapes_89_1,24.320348467822523,124.10970415425255,40031
shapes_89_1,24.325478818117016,124.11799090317803,40032
shapes_89_1,24.32827109384081,124.12251642759658,40033
shapes_89_1,24.33299799093534,124.13013185680032,40034
shapes_89_1,24.333610603891103,124.13167681050255,40035
shapes_89_1,24.333796807241495,124.1330868849764,40036
shapes_89_1,24.333659016114307,124.13629940521787,40037
shapes_89_1,24.33380006575518,124.14004479185678,40038
shapes_89_1,24.334713856487088,124.1444931706792,40039
shapes_89_1,24.335025745145693,124.14598243514776,40040
shapes_89_1,24.335066709532217,124.1491249632236,40041
shapes_89_1,24.335157017381626,124.15512544721425,40042
shapes_89_1,24.335191464621005,124.15527718421801,40043
shapes_89_1,24.335263850391875,124.15541435995694,40044
shapes_89_1,24.33535951142459,124.15552828999355,40045
shapes_89_1,24.335492878013504,124.15558525484813,40046
shapes_89_1,24.335610882905144,124.15561795212854,40047
shapes_89_1,24.335728655141853,124.15561897400039,40048
shapes_89_1,24.336489282704324,124.15552547943663,40049
shapes_90_1,24.336556314647066,124.15544986746684,50001
shapes_90_1,24.335648588636417,124.15556992775238,50002
shapes_90_1,24.335415371746972,124.15553314298451,50003
shapes_90_1,24.335264083236044,124.15543760631411,50004
shapes_90_1,24.335126294002997,124.15519339629101,50005
shapes_90_1,24.335087191496772,124.15493794862417,50006
shapes_90_1,24.334988970234864,124.15049212300802,50007
shapes_90_1,24.334914489523985,124.1459941861831,50008
shapes_90_1,24.33367903305976,124.14006522667479,50009
shapes_90_1,24.333510053234228,124.13599695471933,50010
shapes_90_1,24.333577086716012,124.13304294808769,50011
shapes_90_1,24.333281022475642,124.13170235435248,50012
shapes_90_1,24.33271868344952,124.13033621742217,50013
shapes_90_1,24.332588339934382,124.13008383373383,50014
shapes_90_1,24.325642222475878,124.11874089884806,50015
shapes_90_1,24.32086151226732,124.110944611748,50016
shapes_90_1,24.31603825419106,124.10316160799995,50017
shapes_90_1,24.310956874575293,124.09540823427963,50018
shapes_90_1,24.309502353902552,124.09230504810695,50019
shapes_90_1,24.308237782558436,124.08600875365666,50020
shapes_90_1,24.306427505506022,124.07697507303966,50021
shapes_90_1,24.30373532260033,124.07165254946452,50022
shapes_90_1,24.300842861292146,124.06727007532028,50023
shapes_90_1,24.297948472239707,124.063639639935,50024
shapes_90_1,24.297177368579046,124.0624053143256,50025
shapes_90_1,24.295440506366315,124.0596311427362,50026
shapes_90_1,24.285848687852592,124.0425171169045,50027
shapes_90_1,24.283875099025625,124.03901440731718,50028
shapes_90_1,24.283074105798487,124.03626680374147,50029
shapes_90_1,24.2820900874682,124.0270818978752,50030
shapes_90_1,24.28201511047758,124.02662771070028,50031
shapes_90_1,24.281921970375837,124.02619242700895,50032
shapes_90_1,24.275458828690006,124.0038095129421,50033
shapes_90_1,24.274102635481025,124.00160652876367,50034
shapes_90_1,24.272548957313504,124.00024550152014,50035
shapes_90_1,24.26453435628316,123.99703298389797,50036
shapes_90_1,24.262927463294417,123.99666105004145,50037
shapes_90_1,24.262170120467438,123.9966855736566,50038
shapes_90_1,24.261406253128964,123.99701663394809,50039
shapes_90_1,24.25753653752091,123.9999839232769,50040
shapes_90_1,24.25443527685251,124.00179658710842,50041
shapes_90_1,24.254221008722396,124.00171586414218,50042
shapes_90_1,24.253655059812118,124.00160653269269,50043
shapes_91_1,24.253661580806092,124.00161215216941,60001
shapes_91_1,24.254178621322577,124.0017912213807,60002
shapes_91_1,24.25451213450315,124.00181063629137,60003
shapes_91_1,24.25540646701295,124.00120598904326,60004
shapes_91_1,24.257564019067008,123.99996042251588,60005
shapes_91_1,24.259912038639527,123.99702480892302,60006
shapes_91_1,24.260767207681262,123.99637903436088,60007
shapes_91_1,24.261480776172938,123.9962462008407,60008
shapes_91_1,24.2622129717566,123.99629729246955,60009
shapes_91_1,24.263114700947106,123.99647304002431,60010
shapes_91_1,24.26427352871879,123.99687358367375,60011
shapes_91_1,24.273145095933884,124.0009525883943,60012
shapes_91_1,24.274858977469098,124.00288173579612,60013
shapes_91_1,24.276107113842706,124.00480679178146,60014
shapes_91_1,24.281616470529816,124.02506692043974,60015
shapes_91_1,24.281858635175087,124.02607441013971,60016
shapes_91_1,24.28207937647225,124.02721473074055,60017
shapes_91_1,24.283066654404294,124.03629541484408,60018
shapes_91_1,24.28386671681958,124.03894696966748,60019
shapes_91_1,24.287145148303093,124.04483352263925,60020
shapes_91_1,24.29067449037448,124.05114923167275,60021
shapes_91_1,24.296005338395403,124.060593162576,60022
shapes_91_1,24.29691893599413,124.06199199809637,60023
shapes_91_1,24.298131002859716,124.06382969435073,60024
shapes_91_1,24.300691997188913,124.06707133646707,60025
shapes_91_1,24.30372507874995,124.07163875468544,60026
shapes_91_1,24.306410743549698,124.07693266879508,60027
shapes_91_1,24.309516321722427,124.09224527204061,60028
shapes_91_1,24.310993190681284,124.09539444146506,60029
shapes_91_1,24.315053095269683,124.10162993895939,60030
shapes_91_1,24.31824598878292,124.10659994391611,60031
shapes_91_1,24.326392203256955,124.12000792435722,60032
shapes_91_1,24.332799217205675,124.13045116867582,60033
shapes_91_1,24.333300573337738,124.13167885424629,60034
shapes_91_1,24.333597103525246,124.13310681065923,60035
shapes_91_1,24.333513544528095,124.13633746757115,60036
shapes_91_1,24.3336876451947,124.14003329604384,60037
shapes_91_1,24.33432981386699,124.14314338140686,60038
shapes_91_1,24.33491402398351,124.14596353231902,60039
shapes_91_1,24.335077415905612,124.15504472555769,60040
shapes_91_1,24.33511186346497,124.15525930293371,60041
shapes_91_1,24.335206360689366,124.15542432296208,60042
shapes_91_1,24.335338098277067,124.15552496866442,60043
shapes_91_1,24.3355196446011,124.15557759130026,60044
shapes_91_1,24.3365307123759,124.15543913797595,60045
shapes_92_1,24.33648183474579,124.15548256474723,70001
shapes_92_1,24.335743551147036,124.15559802742793,70002
shapes_92_1,24.335506610126114,124.15562357193268,70003
shapes_92_1,24.335340891808865,124.15559394059528,70004
shapes_92_1,24.335238014977982,124.15550453319157,70005
shapes_92_1,24.335151896595285,124.15538753753937,70006
shapes_92_1,24.335108604835863,124.1552725856309,70007
shapes_92_1,24.335080208846502,124.15512289269829,70008
shapes_92_1,24.335002004241023,124.15110826492311,70009
shapes_92_1,24.334961039684416,124.14861048986498,70010
shapes_92_1,24.334919610021583,124.14601257873075,70011
shapes_92_1,24.334311658971387,124.14307568755248,70012
shapes_92_1,24.33368299011772,124.14003993771986,70013
shapes_92_1,24.333501906856636,124.13635024015093,70014
shapes_92_1,24.33358872430599,124.13310374537106,70015
shapes_92_1,24.33329638371838,124.13166454869499,70016
shapes_92_1,24.33280713107808,124.13046853918789,70017
shapes_92_1,24.332147963209742,124.12938186113027,70018
shapes_92_1,24.321702304362063,124.1123148368206,70019
shapes_92_1,24.316600667300502,124.10397086830928,70020
shapes_92_1,24.310953149808583,124.09532444831713,70021
shapes_92_1,24.30951585623787,124.09227388281579,70022
shapes_92_1,24.306432627154358,124.0769916773934,70023
shapes_92_1,24.303691088652343,124.0715845997329,70024
shapes_92_1,24.300686409344276,124.06708308619274,70025
shapes_92_1,24.298105392343572,124.06378166997457,70026
shapes_92_1,24.295866575426732,124.06037960739924,70027
shapes_92_1,24.29385728694346,124.05682018899826,70028
shapes_92_1,24.29030521586374,124.05043040031161,70029
shapes_92_1,24.28713164343818,124.04478294505681,70030
shapes_92_1,24.283869510888323,124.0389219352801,70031
shapes_92_1,24.283557961996404,124.03793743687858,70032
shapes_92_1,24.28307457138004,124.03619476717724,70033
shapes_92_1,24.28210126464527,124.02712685761799,70034
shapes_92_1,24.282782114202078,124.02101295272588,70035
shapes_92_1,24.282807262227085,124.0207161226863,70036
shapes_92_1,24.282904126635476,124.02036156032412,70037
shapes_92_1,24.28296280445076,124.01988080579032,70038
shapes_92_1,24.28295535349771,124.0192753927113,70039
shapes_92_1,24.282868268147904,124.0187752255588,70040
shapes_92_1,24.273513953756165,123.99647916929099,70041
shapes_92_1,24.26893434540928,123.98639048798942,70042
shapes_92_1,24.2685859659502,123.98587550320373,70043
shapes_92_1,24.268341447863342,123.98562618742292,70044
shapes_92_1,24.268068984400436,123.98541978502182,70045
shapes_92_1,24.26779046538617,123.98530381025923,70046
shapes_92_1,24.267547342945292,123.98514287771833,70047
shapes_92_1,24.267192905024107,123.98469175648644,70048
shapes_92_1,24.265991255957495,123.98308754010942,70049
shapes_92_1,24.264294022411395,123.98093359792257,70050
shapes_92_1,24.263221828943877,123.978548731684,70051
shapes_92_1,24.262539011040552,123.9769465583959,70052
shapes_92_1,24.261780734430847,123.97524425017765,70053
shapes_92_1,24.261723910218006,123.97487129543151,70054
shapes_92_1,24.256232321812345,123.9439359732569,70055
shapes_92_1,24.25349482332175,123.92843076238933,70056
shapes_92_1,24.25212395567886,123.92070651054384,70057
shapes_92_1,24.250674350983584,123.9125648566187,70058
shapes_92_1,24.2508061763291,123.90885012482615,70059
shapes_92_1,24.251188608409727,123.9072883123663,70060
shapes_92_1,24.251755034813346,123.90484009465582,70061
shapes_92_1,24.253735177832322,123.90204906463624,70062
shapes_92_1,24.254767858287934,123.90059709505296,70063
shapes_92_1,24.255856425929725,123.89955282189477,70064
shapes_92_1,24.256215553453995,123.89888508019797,70065
shapes_92_1,24.256329672756312,123.89834608322418,70066
shapes_92_1,24.25637532053813,123.89757871540498,70067
shapes_92_1,24.256492234517108,123.897042273602,70068
shapes_92_1,24.2565383480686,123.8966202735901,70069
shapes_92_1,24.256594708622085,123.89621513233578,70070
shapes_92_1,24.256700443585903,123.89576860805393,70071
shapes_92_1,24.256817356818175,123.89530624721374,70072
shapes_92_1,24.2570949688208,123.89458128396657,70073
shapes_92_1,24.257367455993137,123.89411228046811,70074
shapes_92_1,24.257669286953103,123.89364481059603,70075
shapes_92_1,24.25803120399409,123.89321207912873,70076
shapes_92_1,24.258443890779127,123.89281715724792,70077
shapes_92_1,24.258928772711602,123.89241150456657,70078
shapes_92_1,24.25941039207227,123.89201811434761,70079
shapes_92_1,24.259713615631615,123.89181579812431,70080
shapes_92_1,24.260030346215117,123.8916558877827,70081
shapes_92_1,24.26034963798699,123.89150772749419,70082
shapes_92_1,24.2606912861835,123.89138332433507,70083
shapes_92_1,24.262791458567538,123.88998985290529,70084
shapes_92_1,24.26330357124724,123.88964934005345,70085
shapes_92_1,24.26383966861751,123.88927817350122,70086
shapes_92_1,24.26429891293423,123.8889376606494,70087
shapes_92_1,24.264768635074397,123.88860200127966,70088
shapes_92_1,24.26707739810513,123.88691374224437,70089
shapes_92_1,24.268242709023585,123.88607152894112,70090
shapes_92_1,24.268875195480437,123.88560993344073,70091
shapes_92_1,24.268969276302457,123.88553764132669,70092
shapes_92_1,24.269227532543592,123.88541630329202,70093
shapes_92_1,24.26945458362383,123.88529189980547,70094
shapes_92_1,24.26985395951917,123.88518461160858,70095
shapes_92_1,24.271565323314423,123.88506965986382,70096
shapes_92_1,24.271804479359844,123.88497514391929,70097
shapes_92_1,24.27197773325398,123.88483490256479,70098
shapes_92_1,24.272018019270376,123.8846269675196,70099
shapes_92_1,24.27203012842851,123.88422948981318,70100
shapes_92_1,24.272105577624714,123.88378296602242,70101
shapes_93_1,24.272105577606066,123.88379778185482,80001
shapes_93_1,24.27205178514908,123.88428134563583,80002
shapes_93_1,24.27205178514908,123.88462313607307,80003
shapes_93_1,24.272006143145987,123.88483311453457,80004
shapes_93_1,24.271851285715954,123.88500171029592,80005
shapes_93_1,24.271626800761542,123.88509597101803,80006
shapes_93_1,24.269868397826162,123.8852303368549,80007
shapes_93_1,24.269543773938597,123.8853184666732,80008
shapes_93_1,24.269186547193826,123.88547991031375,80009
shapes_93_1,24.269043330211954,123.88556267538662,80010
shapes_93_1,24.26492792576195,123.88853379648937,80011
shapes_93_1,24.264126580097155,123.8891100883484,80012
shapes_93_1,24.263321037674032,123.88968254859721,80013
shapes_93_1,24.26201478516939,123.8905692100525,80014
shapes_93_1,24.261301685784264,123.89103565870757,80015
shapes_93_1,24.260713643406124,123.89143466971291,80016
shapes_93_1,24.259563634301703,123.89196395874025,80017
shapes_93_1,24.25906431575218,123.8921703604865,80018
shapes_93_1,24.258616231319937,123.8923900462396,80019
shapes_93_1,24.258217517960674,123.89272826061642,80020
shapes_93_1,24.2579604052122,123.89305114724267,80021
shapes_93_1,24.257623175005804,123.89344658251505,80022
shapes_93_1,24.257351153161775,123.89389923671845,80023
shapes_93_1,24.257052115508053,123.89443772161032,80024
shapes_93_1,24.256919831556655,123.8951356080361,80025
shapes_93_1,24.256836920655903,123.89596734559748,80026
shapes_93_1,24.256698115194922,123.89737435805729,80027
shapes_93_1,24.256567692992924,123.89812844121481,80028
shapes_93_1,24.25624350111472,123.8990429481055,80029
shapes_93_1,24.25586434460086,123.89966113179982,80030
shapes_93_1,24.255328679581222,123.90023027153804,80031
shapes_93_1,24.254734320734993,123.90083312944628,80032
shapes_93_1,24.251792299542302,123.90490293633776,80033
shapes_93_1,24.250846702352963,123.9089277808671,80034
shapes_93_1,24.250750744908622,123.9126287198451,80035
shapes_93_1,24.252084827893576,123.92004285502482,80036
shapes_93_1,24.252792389616832,123.92405237507775,80037
shapes_93_1,24.253387222632632,123.92743962132955,80038
shapes_93_1,24.257946431272796,123.95305395126344,80039
shapes_93_1,24.260275346272927,123.96620750427248,80040
shapes_93_1,24.261419294023035,123.97274085466054,80041
shapes_93_1,24.261874820914812,123.97517681121828,80042
shapes_93_1,24.264314516100697,123.98071289193469,80043
shapes_93_1,24.267545945582192,123.9850105569349,80044
shapes_93_1,24.26789339706568,123.98535285683467,80045
shapes_93_1,24.268184956054306,123.98553065009767,80046
shapes_93_1,24.268510981063976,123.98580857960043,80047
shapes_93_1,24.268715909665495,123.98615292258913,80048
shapes_93_1,24.26882582637078,123.98652996416789,80049
shapes_93_1,24.282019767227187,124.02397155761719,80050
shapes_93_1,24.28217344777749,124.024518217484,80051
shapes_93_1,24.282198595475347,124.02513436070878,80052
shapes_93_1,24.282184624648778,124.02608054006124,80053
shapes_93_1,24.2820966076002,124.0267063886131,80054
shapes_93_1,24.282106387275277,124.02731129026509,80055
shapes_93_1,24.283087145065757,124.03632095869399,80056
shapes_93_1,24.28384529452957,124.03888157510666,80057
shapes_93_1,24.295660292868163,124.06003270793009,80058
shapes_93_1,24.29803228646986,124.06365496637592,80059
shapes_93_1,24.300747872787046,124.0671740252583,80060
shapes_93_1,24.30365896083098,124.07151665000131,80061
shapes_93_1,24.306434955305118,124.07699857445552,80062
shapes_93_1,24.308848651885445,124.08902713199498,80063
shapes_93_1,24.309509803446463,124.09225600087667,80064
shapes_93_1,24.310972238971054,124.0953637866187,80065
shapes_93_1,24.314003678300132,124.10003134107686,80066
shapes_93_1,24.317285986342693,124.1050723603985,80067
shapes_93_1,24.323596161901754,124.11542415618898,80068
shapes_93_1,24.32839120027463,124.12324700999308,80069
shapes_93_1,24.330731858253383,124.12705421447755,80070
shapes_93_1,24.33272892477118,124.13032088967158,80071
shapes_93_1,24.333298711450453,124.13166659309356,80072
shapes_93_1,24.333576155625245,124.13297653198244,80073
shapes_93_1,24.333518897855107,124.13637399760775,80074
shapes_93_1,24.33367484360208,124.14008208674205,80075
shapes_93_1,24.334913093051732,124.14600236115805,80076
shapes_93_1,24.33498524613696,124.15035264879408,80077
shapes_93_1,24.335061588742235,124.1549180232687,80078
shapes_93_1,24.335063450901952,124.1552495956421,80079
shapes_93_1,24.33511838057377,124.15538651534008,80080
shapes_93_1,24.335192860941035,124.15549635887147,80081
shapes_93_1,24.335350666633865,124.15555306833996,80082
shapes_93_1,24.335493576395606,124.15556073221525,80083
shapes_93_1,24.336479973017116,124.1554478237231,80084
shapes_94_1,24.27210060963077,123.88377904879238,90001
shapes_94_1,24.272069638317202,123.88423442826026,90002
shapes_94_1,24.27207018161735,123.88460993784976,90003
shapes_94_1,24.272011499068764,123.88485014420442,90004
shapes_94_1,24.271877832772795,123.88499498381864,90005
shapes_94_1,24.271626800761542,123.88511002085582,90006
shapes_94_1,24.27065255236324,123.88519525498853,90007
shapes_94_1,24.269839676663064,123.88525009195293,90008
shapes_94_1,24.26957288289598,123.88531029235311,90009
shapes_94_1,24.269160465356514,123.88551175597969,90010
shapes_94_1,24.2690349465795,123.88556778441855,90011
shapes_94_1,24.26872848499631,123.88579308997579,90012
shapes_94_1,24.267531429750022,123.8866782189507,90013
shapes_94_1,24.266353381656725,123.88752996928817,90014
shapes_94_1,24.265157934201085,123.88841211810362,90015
shapes_94_1,24.263764680408624,123.88943970177937,90016
shapes_94_1,24.26334463636432,123.88973951345179,90017
shapes_94_1,24.26207580167129,123.89058053511691,90018
shapes_94_1,24.260716748575614,123.89146685589367,90019
shapes_94_1,24.260315170352534,123.8916021584737,90020
shapes_94_1,24.25976904374219,123.8917595149542,90021
shapes_94_1,24.258143147929612,123.89200449048077,90022
shapes_94_1,24.257938822732648,123.89210224180718,90023
shapes_94_1,24.257730149718796,123.89222502686609,90024
shapes_94_1,24.25732367201743,123.89272570610048,90025
shapes_94_1,24.257032397970328,123.89319062145661,90026
shapes_94_1,24.256783509503087,123.89391064592931,90027
shapes_94_1,24.256665043680133,123.89439821337876,90028
shapes_94_1,24.256554184728426,123.89497280135402,90029
shapes_94_1,24.256502016162855,123.89545440717487,90030
shapes_94_1,24.256472671223356,123.89599800109865,90031
shapes_94_1,24.25642158950768,123.89678835825181,90032
shapes_94_1,24.256404199671557,123.89758467768846,90033
shapes_94_1,24.256368333705396,123.89808297200945,90034
shapes_94_1,24.256308556873638,123.89863371870891,90035
shapes_94_1,24.255934679465874,123.89954328551539,90036
shapes_94_1,24.254795651187717,123.90065550709554,90037
shapes_94_1,24.253365329662895,123.9027106757567,90038
shapes_94_1,24.25280450075579,123.90349745750429,90039
shapes_94_1,24.251830651108296,123.90487074851991,90040
shapes_94_1,24.251471977495143,123.90633463808626,90041
shapes_94_1,24.250874184897032,123.90889525449894,90042
shapes_94_1,24.25076114792925,123.91262412093056,90043
shapes_94_1,24.251620881444943,123.917371034986,90044
shapes_94_1,24.25245235049732,123.9221751686273,90045
shapes_94_1,24.253795732245745,123.92970919579967,90046
shapes_94_1,24.254615231789955,123.93434166937371,90047
shapes_94_1,24.255386903701414,123.93871665022746,90048
shapes_94_1,24.256495495016022,123.94494652791766,90049
shapes_94_1,24.25917237730649,123.96015644073488,90050
shapes_94_1,24.261976359662217,123.9753866181127,90051
shapes_94_1,24.26318270442442,123.97814989060863,90052
shapes_94_1,24.264301008845873,123.9807295791252,90053
shapes_94_1,24.26571925246696,123.9826047418319,90054
shapes_94_1,24.267424384335246,123.98485064528361,90055
shapes_94_1,24.26771454778482,123.9851796624862,90056
shapes_94_1,24.268036226715967,123.9853870870866,90057
shapes_94_1,24.268382899531478,123.98549079873193,90058
shapes_94_1,24.26858938172358,123.98553967504995,90059
shapes_94_1,24.268780649066763,123.98560523986818,90060
shapes_94_1,24.269009951785268,123.98577213338287,90061
shapes_94_1,24.269150141446776,123.98591279939868,90062
shapes_94_1,24.26932727989777,123.98628711620405,90063
shapes_94_1,24.271587685097504,123.99044039309959,90064
shapes_94_1,24.280654952353725,124.01204109191896,90065
shapes_94_1,24.282880376271788,124.01898383803203,90066
shapes_94_1,24.28298360544229,124.01929199706503,90067
shapes_94_1,24.28306238567775,124.01961088198735,90068
shapes_94_1,24.283100417420865,124.01999413927116,90069
shapes_94_1,24.28310639357654,124.02037620311604,90070
shapes_94_1,24.28308248813146,124.02072906486866,90071
shapes_94_1,24.28301077147076,124.021053314209,90072
shapes_94_1,24.28268152414141,124.02384877190345,90073
shapes_94_1,24.282290338024048,124.02709364825571,90074
shapes_94_1,24.28279453302101,124.0315663810907,90075
shapes_94_1,24.28325526106339,124.03625845916396,90076
shapes_94_1,24.284002853733305,124.03885126077515,90077
shapes_94_1,24.28517204549848,124.04093623168593,90078
shapes_94_1,24.288497011094844,124.04682517022594,90079
shapes_94_1,24.291239498720824,124.05170321457264,90080
shapes_94_1,24.293683131735623,124.05608415574535,90081
shapes_94_1,24.295951788530022,124.06011819810375,90082
shapes_94_1,24.298294287161188,124.06370997392516,90083
shapes_94_1,24.300854036519812,124.06697511614769,90084
shapes_94_1,24.303908067199814,124.07152533509363,90085
shapes_94_1,24.306615456459266,124.07686591184758,90086
shapes_94_1,24.307332492022674,124.08052802100431,90087
shapes_94_1,24.308127745028575,124.08458352103483,90088
shapes_94_1,24.309049015501635,124.08920168774787,90089
shapes_94_1,24.309621546962994,124.09217596090458,90090
shapes_94_1,24.31108273984775,124.09529566728453,90091
shapes_94_1,24.31318052690699,124.09847021161114,90092
shapes_94_1,24.315297833669593,124.10169005423086,90093
shapes_94_1,24.316843695065696,124.10403251655227,90094
shapes_94_1,24.317603039685043,124.10524964354411,90095
shapes_94_1,24.3183830198701,124.1065204140614,90096
shapes_94_1,24.31990059963387,124.10879731221941,90097
shapes_94_1,24.32158327791537,124.11072134927964,90098
shapes_94_1,24.32372325604226,124.11207079901942,90099
shapes_94_1,24.326039171362154,124.11301493659269,90100
shapes_94_1,24.328259455762442,124.11321997562483,90101
shapes_94_1,24.330318941099055,124.11256670973674,90102
shapes_94_1,24.33193848106128,124.11123633406532,90103
shapes_94_1,24.33312135156919,124.10869956023818,90104
shapes_94_1,24.333916442893667,124.10475134856826,90105
shapes_94_1,24.33458118731603,124.1004431249894,90106
shapes_94_1,24.3355087825387,124.09681320234088,90107
shapes_94_1,24.33658191728597,124.09484744108343,90108
shapes_94_1,24.33660689892148,124.09447550788175,90109
shapes_94_1,24.33645157744702,124.09400224663842,90110
shapes_94_1,24.336264756588374,124.0936422347295,90111
shapes_94_1,24.336058385169878,124.09341216065516,90112
shapes_94_1,24.336061,124.093409,100001
shapes_94_1,24.336282135560296,124.09364700259178,100002
shapes_94_1,24.33650588585385,124.09402847348248,100003
shapes_94_1,24.336618846639,124.09443736105459,100004
shapes_94_1,24.336599295692327,124.09481286966185,100005
shapes_94_1,24.33607359154351,124.0958333015442,100006
shapes_94_1,24.335537023003997,124.09683704427154,100007
shapes_94_1,24.334600738723335,124.10047292723905,100008
shapes_94_1,24.33406416402038,124.10436987833238,100009
shapes_94_1,24.334045699867854,124.13297653198244,100010
shapes_94_1,24.333841495933267,124.13570404125495,100011
shapes_94_1,24.33376980774132,124.13640379920255,100012
shapes_94_1,24.33388711584695,124.1399478911626,100013
shapes_94_1,24.33478267385592,124.14430797105524,100014
shapes_94_1,24.335121018159818,124.14597272851098,100015
shapes_94_1,24.335133509345976,124.14730310450979,100016
shapes_94_1,24.33515794831161,124.14900302846947,100017
shapes_94_1,24.33518836112404,124.15170908006986,100018
shapes_94_1,24.335211170915027,124.15423989292324,100019
shapes_94_1,24.335284487603705,124.15472924709321,100020
shapes_94_1,24.335372468200596,124.15500640880056,100021
shapes_94_1,24.335462077002294,124.15521800470744,100022
shapes_94_1,24.335563091200548,124.15536403645095,100023
shapes_94_1,24.335679854841626,124.15545106025094,100024
shapes_94_1,24.335792273559726,124.15550053148766,100025
shapes_94_1,24.335900890617072,124.15552258538811,100026
shapes_94_1,24.3365352121452,124.15549278281108,100027
shapes_95_1,24.33647043018895,124.15549278248366,110001
shapes_95_1,24.335800807762592,124.15558065658844,110002
shapes_95_1,24.335571780697634,124.15556941763501,110003
shapes_95_1,24.335431664255577,124.15545957344878,110004
shapes_95_1,24.33533251225744,124.15529097866967,110005
shapes_95_1,24.33525058349387,124.15479847342796,110006
shapes_95_1,24.33517936148959,124.14806178625443,110007
shapes_95_1,24.33517191330488,124.145956890643,110008
shapes_95_1,24.334951729773028,124.14494173804998,110009
shapes_95_1,24.334389864301336,124.14204546439579,110010
shapes_95_1,24.333965320991442,124.13998450534565,110011
shapes_95_1,24.33386151284989,124.13629889510051,110012
shapes_95_1,24.33427162542638,124.1330909737735,110013
shapes_95_1,24.334665443921136,124.1308685717377,110014
shapes_95_1,24.33558434910583,124.12752526106489,110015
shapes_95_1,24.34332635009458,124.10955701518107,110016
shapes_95_1,24.352279892839995,124.0887369439588,110017
shapes_95_1,24.370166463205138,124.04719488811679,110018
shapes_95_1,24.380147438838655,124.02041163237301,110019
shapes_95_1,24.400460627840726,123.94027232949158,110020
shapes_95_1,24.419302406824656,123.86615446666838,110021
shapes_95_1,24.41915819613987,123.86354531576218,110022
shapes_95_1,24.41909958171632,123.86210662953093,110023
shapes_95_1,24.418030093452323,123.86032359834645,110024
shapes_95_1,24.416640071132818,123.85942493194308,110025
shapes_95_1,24.412153562039226,123.85794230882314,110026
shapes_95_1,24.410377801901493,123.8568449029117,110027
shapes_95_1,24.409671585158073,123.85518704104472,110028
shapes_95_1,24.409117029657313,123.85180899065746,110029
shapes_95_1,24.41047922154144,123.84719252586366,110030
shapes_95_1,24.41130220557265,123.84445156363654,110031
shapes_95_1,24.411666940359343,123.8424462934927,110032
shapes_95_1,24.412613199170426,123.8410479677623,110033
shapes_95_1,24.413595272977453,123.83905649141528,110034
shapes_95_1,24.415530088954508,123.83481144905092,110035
shapes_95_1,24.417405329588924,123.8305904178924,110036
shapes_95_1,24.418064983580123,123.82961000730577,110037
shapes_95_1,24.420172782133804,123.82800885687178,110038
shapes_95_1,24.421596724399325,123.8268291950226,110039
shapes_95_1,24.422998787185865,123.8256301198999,110040
shapes_95_1,24.424078001827368,123.82408772267812,110041
shapes_95_1,24.424685986249507,123.82218667429699,110042
shapes_95_1,24.424679473830725,123.81969758433117,110043
shapes_95_1,24.423944030713262,123.817115000129,110044
shapes_95_1,24.422057257729225,123.81346591893819,110045
shapes_95_1,24.421261092266867,123.81269242087002,110046
shapes_95_1,24.419441499598193,123.81092573963545,110047
shapes_95_1,24.41878441161419,123.8102814980448,110048
shapes_95_1,24.41803241917791,123.80896721530007,110049
shapes_95_1,24.417747717333988,123.8075374702021,110050
shapes_95_1,24.41803800191791,123.8048516851268,110051
shapes_95_1,24.417991016798826,123.80205554640271,110052
shapes_95_1,24.418013113805742,123.80160493496079,110053
shapes_95_1,24.418061959556272,123.80116300910231,110054
shapes_95_1,24.4184043456317,123.8007313014714,110055
shapes_95_1,24.41840643903195,123.80064163900899,110056
shapes_96_1,24.336574314018023,124.1554784779146,120001
shapes_96_1,24.335984525678807,124.15549278281108,120002
shapes_96_1,24.33583137584834,124.15547251759564,120003
shapes_96_1,24.335692345748928,124.15542483373432,120004
shapes_96_1,24.33555874667552,124.15531754471887,120005
shapes_96_1,24.335469680598028,124.15519356720326,120006
shapes_96_1,24.335388217611055,124.15503263466236,120007
shapes_96_1,24.33533390857592,124.15483593889806,120008
shapes_96_1,24.335296978699155,124.1544580453774,120009
shapes_96_1,24.33523615311916,124.15005683898927,120010
shapes_96_1,24.335223118913348,124.14779901489966,120011
shapes_96_1,24.335210084706176,124.14614200693904,120012
shapes_96_1,24.335131880031717,124.14547920139741,120013
shapes_96_1,24.33459313522461,124.1429424288799,120014
shapes_96_1,24.33400225170388,124.13935661272264,120015
shapes_96_1,24.333906667361337,124.13636446057356,120016
shapes_96_1,24.33429769343581,124.13361549362891,120017
shapes_96_1,24.3347951647771,124.13073539573817,120018
shapes_96_1,24.335800963041116,124.12736892612885,120019
shapes_96_1,24.34412510112025,124.10817146301271,120020
shapes_96_1,24.35333923150816,124.08676147606458,120021
shapes_96_1,24.36495477197733,124.05989170074464,120022
shapes_96_1,24.370979318605006,124.04591560538395,120023
shapes_96_1,24.37891025158708,124.02484893333168,120024
shapes_96_1,24.40206608840204,123.9605712820776,120025
shapes_96_1,24.41757621242009,123.91743660438807,120026
shapes_96_1,24.432311672311613,123.876161572407,120027
shapes_96_1,24.447132228161813,123.83478164614647,120028
shapes_96_1,24.448830574888284,123.83159756675016,120029
shapes_96_1,24.452562520640818,123.82845580581491,120030
shapes_96_1,24.453550561409603,123.82803261285517,120031
shapes_96_1,24.456811963667437,123.82729887955067,120032
shapes_96_1,24.457609532397047,123.8266098497843,120033
shapes_96_1,24.458765184061352,123.8238251202711,120034
shapes_96_1,24.45987850596445,123.82296204552405,120035
shapes_96_1,24.461405238223293,123.82171392448073,120036
shapes_96_1,24.46312401082767,123.82126688942664,120037
shapes_96_1,24.464772231189563,123.82050514206641,120038
shapes_96_1,24.465136811629893,123.82044672936901,120039
shapes_96_1,24.46638462304535,123.82042169563648,120040
shapes_96_1,24.467910734120924,123.82050871845424,120041
shapes_96_1,24.467912,123.82051,130001
shapes_96_1,24.466302701911523,123.82035255443044,130002
shapes_96_1,24.465337004403313,123.82036268703816,130003
shapes_96_1,24.465179128723843,123.82035970687868,130004
shapes_96_1,24.46472503073061,123.8204348087311,130005
shapes_96_1,24.463871083651725,123.82081449028195,130006
shapes_96_1,24.463451703612737,123.82075488545526,130007
shapes_96_1,24.463301420729184,123.82070302963258,130008
shapes_96_1,24.462663395190802,123.82037758816298,130009
shapes_96_1,24.461355324137827,123.8193094727467,130010
shapes_96_1,24.460093356278016,123.81817102432252,130011
shapes_96_1,24.458591023141135,123.81747543833629,130012
shapes_96_1,24.45751675427646,123.81680786624204,130013
shapes_96_1,24.456993722959684,123.81670117378236,130014
shapes_96_1,24.45598943200344,123.8168936966031,130015
shapes_96_1,24.45404539281646,123.81649911392745,130016
shapes_96_1,24.452354168249716,123.81613969808316,130017
shapes_96_1,24.43805788236272,123.80925297729847,130018
shapes_96_1,24.430850794149755,123.80717396736146,130019
shapes_96_1,24.42903064162378,123.80701303482057,130020
shapes_96_1,24.425582374437038,123.8075304051745,130021
shapes_96_1,24.420160687283406,123.80828618959643,130022
shapes_96_1,24.41888745269776,123.8082313542691,130023
shapes_96_1,24.418092895779775,123.8076162345533,130024
shapes_96_1,24.41792464868772,123.80661010756742,130025
shapes_96_1,24.418110263135674,123.80491256786628,130026
shapes_96_1,24.418058160762676,123.80199074741542,130027
shapes_96_1,24.418102664656896,123.8011586670473,130028
shapes_96_1,24.418432645177237,123.80072474508782,130029
shapes_96_1,24.418427217408187,123.80064010620117,130030
shapes_97_1,24.41840923013284,123.80072593656224,140001
shapes_97_1,24.418050562280765,123.80115866671987,140002
shapes_97_1,24.41798915608358,123.801983765552,140003
shapes_97_1,24.41802962829228,123.80491222669663,140004
shapes_97_1,24.41775585839779,123.80747335289927,140005
shapes_97_1,24.418037769449704,123.80896363956708,140006
shapes_97_1,24.418785109722723,123.81028584075467,140007
shapes_97_1,24.420577963125872,123.81203259712494,140008
shapes_97_1,24.422054001340236,123.81345697715007,140009
shapes_97_1,24.423951008392066,123.81712726259141,140010
shapes_97_1,24.424675287238344,123.81971393362619,140011
shapes_97_1,24.424685055903996,123.82224031913212,140012
shapes_97_1,24.42405427782558,123.82413114813971,140013
shapes_97_1,24.42298436626404,123.82566128420878,140014
shapes_97_1,24.42150368723719,123.82688590514591,140015
shapes_97_1,24.42048725096748,123.82776617982019,140016
shapes_97_1,24.41807986951596,123.82959672395376,140017
shapes_97_1,24.417405795123912,123.83060268002738,140018
shapes_97_1,24.416717294860003,123.8321925908531,140019
shapes_97_1,24.414287511662447,123.8375043875567,140020
shapes_97_1,24.41314820019835,123.84001799982799,140021
shapes_97_1,24.412618781926522,123.84103621705437,140022
shapes_97_1,24.41168508407906,123.84244782580937,140023
shapes_97_1,24.411287318166643,123.84443777016716,140024
shapes_97_1,24.410164727772024,123.84830628107014,140025
shapes_97_1,24.409117495222876,123.85183964419413,140026
shapes_97_1,24.40965716327244,123.85515025693168,140027
shapes_97_1,24.41038617618383,123.85683161825001,140028
shapes_97_1,24.41212471853521,123.8579336237308,140029
shapes_97_1,24.413654355208003,123.85842817107915,140030
shapes_97_1,24.416616810860596,123.85939683226752,140031
shapes_97_1,24.418017533236483,123.86031900139643,140032
shapes_97_1,24.419104233649783,123.86212093442738,140033
shapes_97_1,24.419180990713368,123.86399899216488,140034
shapes_97_1,24.419281472522112,123.86620606645012,140035
shapes_97_1,24.41869718707194,123.86848006957736,140036
shapes_97_1,24.417978921515722,123.87131912299084,140037
shapes_97_1,24.41593435399529,123.87939997832292,140038
shapes_97_1,24.412283358769216,123.89380931854248,140039
shapes_97_1,24.41043176804792,123.90108449355468,140040
shapes_97_1,24.40847221656926,123.90872546529863,140041
shapes_97_1,24.40622790629276,123.91739232174588,140042
shapes_97_1,24.402855783493095,123.93093109130861,140043
shapes_97_1,24.399412849956587,123.94439015683022,140044
shapes_97_1,24.39588421098592,123.95856448682026,140045
shapes_97_1,24.38009159751146,124.02053833007814,140046
shapes_97_1,24.37508817556601,124.03392791748048,140047
shapes_97_1,24.370300489528002,124.04690061259318,140048
shapes_97_1,24.355288468999053,124.08174787211466,140049
shapes_97_1,24.345934840708896,124.10352434468224,140050
shapes_97_1,24.335502421623847,124.12772655443406,140051
shapes_97_1,24.334754821272785,124.13061210187155,140052
shapes_97_1,24.33418969582758,124.1335732593143,140053
shapes_97_1,24.333869426208455,124.13622992316962,140054
shapes_97_1,24.333947166565682,124.13998603798974,140055
shapes_97_1,24.335157948162458,124.14594922709513,140056
shapes_97_1,24.33519518863826,124.14809499496188,140057
shapes_97_1,24.335210084706176,124.15306091308595,140058
shapes_97_1,24.335288289332382,124.1543483734131,140059
shapes_97_1,24.335337632887313,124.15488941347577,140060
shapes_97_1,24.33538604504724,124.15511012077333,140061
shapes_97_1,24.33543818164625,124.15532112143413,140062
shapes_97_1,24.335531282012635,124.15547439042714,140063
shapes_97_1,24.335670001731447,124.15555562285593,140064
shapes_97_1,24.335953026705887,124.15555000305177,140065
shapes_97_1,24.33653583275223,124.1554641723633,140066
shapes_98_1,24.41839465421742,123.8004755975999,150001
shapes_98_1,24.418447841647414,123.80075812339784,150002
shapes_98_1,24.418109177340604,123.80116462671143,150003
shapes_98_1,24.418053818624006,123.80210995706877,150004
shapes_98_1,24.41808312615657,123.80338788036171,150005
shapes_98_1,24.418100493364754,123.80488514922035,150006
shapes_98_1,24.41791379370195,123.80659461021425,150007
shapes_98_1,24.41796589613454,123.80688548091713,150008
shapes_98_1,24.418093980829656,123.80760788899354,150009
shapes_98_1,24.418205783252258,123.80768775969048,150010
shapes_98_1,24.418918930718572,123.80825877160534,150011
shapes_98_1,24.419665722957095,123.80828261353602,150012
shapes_98_1,24.42013734999806,123.80828261386344,150013
shapes_98_1,24.422409711778066,123.80795598059194,150014
shapes_98_1,24.425543300010546,123.80750596505098,150015
shapes_98_1,24.42728047060214,123.80726397066613,150016
shapes_98_1,24.429030641661043,123.80700945843273,150017
shapes_98_1,24.43082148913576,123.80716919917178,150018
shapes_98_1,24.43451164037477,123.80823373820023,150019
shapes_98_1,24.436376753619367,123.80876541115869,150020
shapes_98_1,24.437996020687404,123.80923688371696,150021
shapes_98_1,24.44135875520848,123.81084263339292,150022
shapes_98_1,24.444713803622957,123.81246983975873,150023
shapes_98_1,24.448593458507467,123.81433427330195,150024
shapes_98_1,24.452309676181116,123.81612300909184,150025
shapes_98_1,24.455955792893572,123.81691455870168,150026
shapes_98_1,24.45700294654032,123.816708326558,150027
shapes_98_1,24.457570467859036,123.81681442246192,150028
shapes_98_1,24.45858179945325,123.81747722603906,150029
shapes_98_1,24.460109632862956,123.81818294496045,150030
shapes_98_1,24.461213176228547,123.81916046346306,150031
shapes_98_1,24.462693234911498,123.82038831667161,150032
shapes_98_1,24.463396364728553,123.82074117711456,150033
shapes_98_1,24.463873796409164,123.82080793340721,150034
shapes_98_1,24.464377267382908,123.82057190261548,150035
shapes_98_1,24.464707127321997,123.82042884808473,150036
shapes_98_1,24.46519431948543,123.82036149523628,150037
shapes_98_1,24.466206132479062,123.82035493836158,150038
shapes_98_1,24.46703348019007,123.82042407989503,150039
shapes_98_1,24.467910191549578,123.82050752665238,150040
shapes_98_1,24.467912,123.82051,160001
shapes_98_1,24.46633145563222,123.82043480840368,160002
shapes_98_1,24.465206255268793,123.8204479218257,160003
shapes_98_1,24.464692479049607,123.82053136825562,160004
shapes_98_1,24.46352006307488,123.82108926773073,160005
shapes_98_1,24.463118585578457,123.8212656976248,160006
shapes_98_1,24.461380281257536,123.82174015066997,160007
shapes_98_1,24.45875867332833,123.82383584976198,160008
shapes_98_1,24.457608447389138,123.82658243212065,160009
shapes_98_1,24.456811963816453,123.82731199264528,160010
shapes_98_1,24.453541337501683,123.82803440072168,160011
shapes_98_1,24.452564690743557,123.82845163385356,160012
shapes_98_1,24.448812126380755,123.83159637429345,160013
shapes_98_1,24.44811000047449,123.8330185416271,160014
shapes_98_1,24.44720602092393,123.83482217788698,160015
shapes_98_1,24.438710683940304,123.85840415954591,160016
shapes_98_1,24.42978931307556,123.88317108430785,160017
shapes_98_1,24.425230703902095,123.89585972458009,160018
shapes_98_1,24.419434521902925,123.91215324394581,160019
shapes_98_1,24.37894499707267,124.02457714095365,160020
shapes_98_1,24.37068830027442,124.04666423768505,160021
shapes_98_1,24.33565324341743,124.12779808088092,160022
shapes_98_1,24.334792992352277,124.13072586263299,160023
shapes_98_1,24.334343313931036,124.13316726611812,160024
shapes_98_1,24.33408914622694,124.13511276216015,160025
shapes_98_1,24.33389580545898,124.13650035872706,160026
shapes_98_1,24.3339805276163,124.13976192357951,160027
shapes_98_1,24.33398650182279,124.14003431807943,160028
shapes_98_1,24.33420536826691,124.14113283164625,160029
shapes_98_1,24.334480172484042,124.14241790771486,160030
shapes_98_1,24.335151431204856,124.14602279663087,160031
shapes_98_1,24.335244842191198,124.15282249508893,160032
shapes_98_1,24.335262220930126,124.1543769845157,160033
shapes_98_1,24.3353246762569,124.1548115017213,160034
shapes_98_1,24.33537138169481,124.15505528479116,160035
shapes_98_1,24.335431664255577,124.15522098519433,160036
shapes_98_1,24.33547999911301,124.15533125338699,160037
shapes_98_1,24.335565263910503,124.15543437044109,160038
shapes_98_1,24.335679854841626,124.15551185655205,160039
shapes_98_1,24.335840608130415,124.15555715549999,160040
shapes_98_1,24.335992128795702,124.15555954008599,160041
shapes_98_1,24.336704653320506,124.15552139456852,160042
