shape_id,shape_pt_lat,shape_pt_lon,shape_pt_sequence
shapes_69_1,24.33649207583783,124.1555239477748,10001
shapes_69_1,24.336111296987898,124.155534675956,10002
shapes_69_1,24.335776135928565,124.1554478237231,10003
shapes_69_1,24.33554524696473,124.15519850597775,10004
shapes_69_1,24.335366493910293,124.15492057778467,10005
shapes_69_1,24.33521194671455,124.15434633032419,10006
shapes_69_1,24.335157948162458,124.14938449903276,10007
shapes_69_1,24.335115121870253,124.1459451402625,10008
shapes_69_1,24.33442803578909,124.14256095897147,10009
shapes_69_1,24.33390294300787,124.14001873559758,10010
shapes_69_1,24.333787496946226,124.1362932746415,10011
shapes_69_1,24.334033285618116,124.1331277569043,10012
shapes_69_1,24.334066336532274,124.10440717387247,10013
shapes_69_1,24.334602135348202,124.1005136279273,10014
shapes_69_1,24.335536867948914,124.09689647818598,10015
shapes_69_1,24.336369184058476,124.09535970011349,10016
shapes_69_1,24.336657328084687,124.09481150793002,10017
shapes_69_1,24.336661517443744,124.09444621640434,10018
shapes_69_1,24.336593244417752,124.09413865654643,10019
shapes_69_1,24.336183294410993,124.09346222877504,10020
shapes_70_1,24.336153,124.093425,20001
shapes_70_1,24.336578658694688,124.09412588396664,20002
shapes_70_1,24.33666710347935,124.09443216656656,20003
shapes_70_1,24.3366552334051,124.09481661663449,20004
shapes_70_1,24.335994921716427,124.09605273191121,20005
shapes_70_1,24.33554897112075,124.09689494554189,20006
shapes_70_1,24.33460306583478,124.10048757265034,20007
shapes_70_1,24.334066801777542,124.1043376918242,20008
shapes_70_1,24.33402583736603,124.13319723927998,20009
shapes_70_1,24.33379447951858,124.13630298193313,20010
shapes_70_1,24.333910391267196,124.14003917139782,20011
shapes_70_1,24.335128621552276,124.14596864167834,20012
shapes_70_1,24.335173775313798,124.1502361639141,20013
shapes_70_1,24.33520636076396,124.15428706633976,20014
shapes_70_1,24.335236152895412,124.15462272489096,20015
shapes_70_1,24.33536998507843,124.15510603328586,20016
shapes_70_1,24.3354931107081,124.1553195881352,20017
shapes_70_1,24.33568326858553,124.15548435277745,20018
shapes_70_1,24.335897864851262,124.1555487261212,20019
shapes_70_1,24.336481834894947,124.15550708770753,20020
shapes_71_1,24.336496730830234,124.1555162838995,30001
shapes_71_1,24.33589670093454,124.15556992775238,30002
shapes_71_1,24.335628339158642,124.15552548009147,30003
shapes_71_1,24.335473559438526,124.15542432263466,30004
shapes_71_1,24.33535648564585,124.1552396332918,30005
shapes_71_1,24.335268738180346,124.1550329753409,30006
shapes_71_1,24.33518960261234,124.15467023849489,30007
shapes_71_1,24.33515050042398,124.15430545806886,30008
shapes_71_1,24.335064847074214,124.14597783688806,30009
shapes_71_1,24.333878736497706,124.14002895529848,30010
shapes_71_1,24.333673912362855,124.13488320016769,30011
shapes_71_1,24.33375956665297,124.13350582035493,30012
shapes_71_1,24.333729773577627,124.13259029388429,30013
shapes_71_1,24.333552878950254,124.13155828515303,30014
shapes_71_1,24.333193505973167,124.13038321828935,30015
shapes_71_1,24.31110213938447,124.09508023862148,30016
shapes_71_1,24.30972956569035,124.09245422633833,30017
shapes_71_1,24.30721158914565,124.07945701022983,30018
shapes_71_1,24.307783351739452,124.07641410827638,30019
shapes_71_1,24.30858419172838,124.07372065703386,30020
shapes_71_1,24.31028269348828,124.06980514526369,30021
shapes_71_1,24.312930972930147,124.06575067201632,30022
shapes_71_1,24.325199494030038,124.06059265311345,30023
shapes_71_1,24.328085811413033,124.05774389306318,30024
shapes_71_1,24.33042833905036,124.05346053623363,30025
shapes_71_1,24.345681627564463,124.0127440847573,30026
shapes_71_1,24.346169433384127,124.01080267620276,30027
shapes_71_1,24.346505498085904,124.00798814640439,30028
shapes_71_1,24.3471147866479,124.00030629978573,30029
shapes_71_1,24.346987716120978,123.99830767099047,30030
shapes_71_1,24.345464254566473,123.99421794070805,30031
shapes_71_1,24.34468785426902,123.99326818333066,30032
shapes_71_1,24.344606862715477,123.99307404240973,30033
shapes_71_1,24.344439759042118,123.99176359176637,30034
shapes_72_1,24.344448,123.991678,40001
shapes_72_1,24.344527267476405,123.99275779745952,40002
shapes_72_1,24.34458917517063,123.99302704023286,40003
shapes_72_1,24.344678079642552,123.9932656288147,40004
shapes_72_1,24.345471236345993,123.9942317348323,40005
shapes_72_1,24.346996094603007,123.99831635608281,40006
shapes_72_1,24.347122234130307,124.00021331697646,40007
shapes_72_1,24.34612567974196,124.01299238226787,40008
shapes_72_1,24.329556879066754,124.05294554948343,40009
shapes_72_1,24.32734468734674,124.05743326497033,40010
shapes_72_1,24.324443454560384,124.06007766898256,40011
shapes_72_1,24.31237226681563,124.0658242389327,40012
shapes_72_1,24.307163168313803,124.07293387921528,40013
shapes_72_1,24.306688247393513,124.0743950440083,40014
shapes_72_1,24.306583950225395,124.07528604817345,40015
shapes_72_1,24.3066360976266,124.07637119293214,40016
shapes_72_1,24.30972025362733,124.09248896932698,40017
shapes_72_1,24.31061791987221,124.09431593609042,40018
shapes_72_1,24.311612427634383,124.096093858243,40019
shapes_72_1,24.322981639837547,124.11392211914064,40020
shapes_72_1,24.32904666289115,124.12386212905405,40021
shapes_72_1,24.332990542920726,124.13015637910578,40022
shapes_72_1,24.333435570386015,124.13127830863233,40023
shapes_72_1,24.33368508484644,124.13244110910456,40024
shapes_72_1,24.333757704474092,124.1333852466778,40025
shapes_72_1,24.333724187636243,124.13510390615559,40026
shapes_72_1,24.333692532372737,124.13567202107515,40027
shapes_72_1,24.333665533447007,124.13621408595647,40028
shapes_72_1,24.33377585907618,124.13986699924862,40029
shapes_72_1,24.335011779987163,124.14600900250663,40030
shapes_72_1,24.33513094910153,124.1543565477332,40031
shapes_72_1,24.335169585905557,124.1548178883386,40032
shapes_72_1,24.335240342525225,124.15525061784138,40033
shapes_72_1,24.33539116552578,124.1554912504944,40034
shapes_72_1,24.33560343459663,124.1555448946747,40035
shapes_72_1,24.3358282717704,124.15556226551418,40036
shapes_72_1,24.336547004964793,124.15549686898886,40037
shapes_73_1,24.344448,123.991678,50001
shapes_73_1,24.3458976030924,123.99499893304895,50002
shapes_73_1,24.34672302560561,123.99793624528685,50003
shapes_73_1,24.347200897642512,124.00045394897462,50004
shapes_73_1,24.346557939147022,124.00537491193974,50005
shapes_73_1,24.345897601899196,124.00920868443792,50006
shapes_73_1,24.326954881533798,124.05223846784794,50007
shapes_73_1,24.3251821109275,124.05473713413814,50008
shapes_73_1,24.323339801213972,124.05681610805915,50009
shapes_73_1,24.321445318659762,124.05796049977654,50010
shapes_73_1,24.31268514378426,124.06099318759517,50011
shapes_73_1,24.31012997718917,124.06324387528004,50012
shapes_73_1,24.306705633031537,124.07302859472114,50013
shapes_73_1,24.306723011505728,124.077281949576,50014
shapes_73_1,24.30964327511348,124.09183502895758,50015
shapes_73_1,24.311642224714934,124.09606933593751,50016
shapes_73_1,24.314979534592627,124.10099029890263,50017
shapes_73_1,24.3186122349398,124.10722732543947,50018
shapes_73_1,24.321619125463307,124.11078930032092,50019
shapes_73_1,24.323817762057917,124.11213874744135,50020
shapes_73_1,24.326170608496795,124.1130614260328,50021
shapes_73_1,24.328247507405813,124.11322832151203,50022
shapes_73_1,24.330341751692078,124.11258459003876,50023
shapes_73_1,24.33190155049314,124.1111993796949,50024
shapes_73_1,24.33305943856822,124.10887241407183,50025
shapes_73_1,24.333391813538203,124.10734891935137,50026
shapes_73_1,24.334052215987338,124.10427331880786,50027
shapes_73_1,24.33455620528108,124.10040616930928,50028
shapes_73_1,24.335551143383455,124.09690380154645,50029
shapes_73_1,24.336672068628655,124.09461975126763,50030
shapes_73_1,24.336641656321582,124.09422636104865,50031
shapes_73_1,24.336151795636653,124.09342467784883,50032
shapes_73_1,24.336153,124.093425,60001
shapes_73_1,24.33664600095864,124.09422397548042,60002
shapes_73_1,24.33667858580636,124.09462928830182,60003
shapes_73_1,24.33555548790875,124.09689903237452,60004
shapes_73_1,24.334551860423186,124.10034656546489,60005
shapes_73_1,24.334052215689017,124.10427093520414,60006
shapes_73_1,24.334065250015293,124.10599708568044,60007
shapes_73_1,24.33402180290217,124.13325786597854,60008
shapes_73_1,24.333834978907948,124.13566589377297,60009
shapes_73_1,24.333793704008706,124.13650035872706,60010
shapes_73_1,24.333908839503028,124.13982868150927,60011
shapes_73_1,24.333908839204703,124.13999557502395,60012
shapes_73_1,24.334401967508168,124.1424763210671,60013
shapes_73_1,24.33512970761266,124.14597511276953,60014
shapes_73_1,24.3351688099566,124.15057182312013,60015
shapes_73_1,24.335193792019933,124.15425181388856,60016
shapes_73_1,24.335288289332382,124.15481328942408,60017
shapes_73_1,24.335572867052548,124.15528774377891,60018
shapes_73_1,24.335993214997835,124.15554285027613,60019
shapes_73_1,24.33655367675529,124.1555535791122,60020
shapes_74_1,24.3364762491495,124.15552037040473,70001
shapes_74_1,24.335561074216862,124.15563378999653,70002
shapes_74_1,24.33535392525675,124.15556022046077,70003
shapes_74_1,24.33520030912451,124.15537680935815,70004
shapes_74_1,24.33509836370656,124.15509683742131,70005
shapes_74_1,24.33506345105112,124.15478672304745,70006
shapes_74_1,24.334897265718652,124.14600644799067,70007
shapes_74_1,24.333676705633007,124.14009128391628,70008
shapes_74_1,24.33351005353255,124.1363249490678,70009
shapes_74_1,24.33353984576459,124.13549525328564,70010
shapes_74_1,24.333587327520785,124.13301944863636,70011
shapes_74_1,24.333219574651903,124.13149595260622,70012
shapes_74_1,24.33264792631656,124.13017273298468,70013
shapes_74_1,24.32258871560719,124.11360331869218,70014
shapes_74_1,24.316201205361335,124.10354273772101,70015
shapes_74_1,24.310964324033776,124.0953908667143,70016
shapes_74_1,24.309508872178895,124.09225702111145,70017
shapes_74_1,24.307425768569384,124.08202580030776,70018
shapes_74_1,24.30639863774486,124.07692909240724,70019
shapes_74_1,24.303822858543906,124.0718456672039,70020
shapes_74_1,24.30107288242872,124.06760113692145,70021
shapes_74_1,24.29752287599537,124.06297138746596,70022
shapes_74_1,24.295373452125226,124.0595310078061,70023
shapes_74_1,24.29319605381961,124.05554090364603,70024
shapes_74_1,24.283837843777516,124.03893062233693,70025
shapes_74_1,24.283083419219885,124.0362668043963,70026
shapes_74_1,24.276386545839557,124.01117051602343,70027
shapes_74_1,24.27361455018139,124.00088718859482,70028
shapes_74_1,24.272228532059724,123.9995629526675,70029
shapes_74_1,24.26777230283342,123.99726596020629,70030
shapes_74_1,24.26397916684808,123.99554934119809,70031
shapes_74_1,24.260901349683888,123.99525505781641,70032
shapes_74_1,24.259313969301964,123.99631773121656,70033
shapes_74_1,24.25794270513744,123.99847371125364,70034
shapes_74_1,24.257145277123474,123.99971825361719,70035
shapes_74_1,24.255962161208938,124.00079727434789,70036
shapes_74_1,24.255528038707663,124.00106294138824,70037
shapes_74_1,24.254500489138447,124.00179147676683,70038
shapes_74_1,24.253985313727966,124.00170462518874,70039
shapes_75_1,24.253954104857677,124.00168469983329,80001
shapes_75_1,24.254214487906363,124.00176031245793,80002
shapes_75_1,24.25460436280168,124.00174958362187,80003
shapes_75_1,24.25514515488794,124.00140012963676,80004
shapes_75_1,24.25587459108058,124.0010057165637,80005
shapes_75_1,24.25668507202551,124.00037220577363,80006
shapes_75_1,24.257786199294525,123.99850027926733,80007
shapes_75_1,24.259718272900088,123.99592331552414,80008
shapes_75_1,24.26111374428159,123.99506705172827,80009
shapes_75_1,24.261747199473938,123.99470533593559,80010
shapes_75_1,24.262423500339985,123.9946583331039,80011
shapes_75_1,24.26312588024129,123.99477686238244,80012
shapes_75_1,24.263561838516182,123.99508340036847,80013
shapes_75_1,24.272001253143593,124.0002577652922,80014
shapes_75_1,24.272619748268124,124.0009362358251,80015
shapes_75_1,24.272999786638135,124.00162492442178,80016
shapes_75_1,24.27329785434491,124.00223595730498,80017
shapes_75_1,24.283882550073926,124.03893879469253,80018
shapes_75_1,24.2955205982639,124.05976704350907,80019
shapes_75_1,24.298105863539874,124.06373977486511,80020
shapes_75_1,24.300584902733522,124.066879748425,80021
shapes_75_1,24.303654304278332,124.07152278057767,80022
shapes_75_1,24.306410743475094,124.07691785279894,80023
shapes_75_1,24.309500956851934,124.09223096648931,80024
shapes_75_1,24.31099505297083,124.09538115778561,80025
shapes_75_1,24.313703843018768,124.09958073061718,80026
shapes_75_1,24.317143988603213,124.10484807769538,80027
shapes_75_1,24.32518273448041,124.11799396781134,80028
shapes_75_1,24.332785717350006,124.13042128064264,80029
shapes_75_1,24.33330848710427,124.1317151275871,80030
shapes_75_1,24.333591982825023,124.13313133361954,80031
shapes_75_1,24.333508191200842,124.13637297475363,80032
shapes_75_1,24.33370184312248,124.14008413048579,80033
shapes_75_1,24.334912161970774,124.14596966322281,80034
shapes_75_1,24.335019460653005,124.152289203048,80035
shapes_75_1,24.335060425265308,124.15433074735121,80036
shapes_75_1,24.33509557061691,124.15467969007298,80037
shapes_75_1,24.335154224144105,124.15493130662072,80038
shapes_75_1,24.33521357602778,124.15511497441915,80039
shapes_75_1,24.33529247888586,124.15527641773225,80040
shapes_75_1,24.33543352633527,124.15544092633355,80041
shapes_75_1,24.335506843119006,124.15551321861132,80042
shapes_75_1,24.33560459866522,124.15557043917944,80043
shapes_75_1,24.33572935314974,124.15559981545813,80044
shapes_75_1,24.335861555656013,124.15559956007202,80045
shapes_75_1,24.33646065466723,124.15549559238572,80046
shapes_76_1,24.336479972923886,124.15552496931923,90001
shapes_76_1,24.33571957760814,124.15556839576313,90002
shapes_76_1,24.335498929713548,124.15554693743617,90003
shapes_76_1,24.335338563815988,124.15549508226832,90004
shapes_76_1,24.335244531931142,124.15539903286118,90005
shapes_76_1,24.335188671533416,124.15532699629695,90006
shapes_76_1,24.335147241795866,124.15523401316024,90007
shapes_76_1,24.335117216649873,124.15510220183934,90008
shapes_76_1,24.335090450126437,124.15495557484977,90009
shapes_76_1,24.335069036933433,124.15481482223187,90010
shapes_76_1,24.334941943282452,124.14612907916309,90011
shapes_76_1,24.333687877818015,124.14020163691022,90012
shapes_76_1,24.333628292819913,124.13814578787427,90013
shapes_76_1,24.333506329167445,124.13596119280558,90014
shapes_76_1,24.33359384455885,124.1329693811713,90015
shapes_76_1,24.333299642244935,124.13170644183994,90016
shapes_76_1,24.3328480951378,124.13051605311922,90017
shapes_76_1,24.32884090071472,124.12397759238958,90018
shapes_76_1,24.32252912479362,124.1136595180433,90019
shapes_76_1,24.316811105117957,124.10433973622277,90020
shapes_76_1,24.31384910512912,124.09979990494323,90021
shapes_76_1,24.310985741299096,124.09538371197415,90022
shapes_76_1,24.309464174759313,124.09220899935464,90023
shapes_76_1,24.30646102926281,124.07704659883169,90024
shapes_76_1,24.303746497274844,124.07168626828937,90025
shapes_76_1,24.301854205786793,124.0687261297717,90026
shapes_76_1,24.299178687635116,124.06537873030176,90027
shapes_76_1,24.295770186442635,124.06030246114827,90028
shapes_76_1,24.29093479780968,124.0516458253842,90029
shapes_76_1,24.28383504926042,124.03901849480464,90030
shapes_76_1,24.283159793964995,124.03639248514084,90031
shapes_76_1,24.28238766900767,124.03013808449035,90032
shapes_76_1,24.282098004654046,124.02764695012594,90033
shapes_76_1,24.28211011285136,124.02680192593836,90034
shapes_76_1,24.28228521540147,124.02558190457059,90035
shapes_76_1,24.28229266654305,124.02386427056628,90036
shapes_76_1,24.282198595475347,124.02242660522462,90037
shapes_76_1,24.281971333799618,124.02110644499773,90038
shapes_76_1,24.28175525056623,124.01996203756428,90039
shapes_76_1,24.27337050884311,123.99678468638743,90040
shapes_76_1,24.269299024542896,123.9870245108614,90041
shapes_76_1,24.26893667424773,123.98624897003175,90042
shapes_76_1,24.2685584868615,123.98565633149704,90043
shapes_76_1,24.267992135542574,123.98521287119367,90044
shapes_76_1,24.267547808583753,123.98501975083494,90045
shapes_76_1,24.26720967223303,123.98467642939069,90046
shapes_76_1,24.266710383418676,123.98401941522026,90047
shapes_76_1,24.266497067484853,123.98370572380375,90048
shapes_76_1,24.265313110293338,123.98217405672769,90049
shapes_76_1,24.26446169718069,123.98101431957915,90050
shapes_76_1,24.263169663114258,123.97815023243312,90051
shapes_76_1,24.26184314862016,123.97514717857122,90052
shapes_76_1,24.260090897705215,123.96532467508224,90053
shapes_76_1,24.256752145795048,123.94667080458024,90054
shapes_76_1,24.25546282821738,123.93917083740234,90055
shapes_76_1,24.254158591686878,123.93164634529968,90056
shapes_76_1,24.252481696364555,123.922176361084,90057
shapes_76_1,24.25074096229807,123.91255566042675,90058
shapes_76_1,24.250878377685325,123.90881896018982,90059
shapes_76_1,24.25182350894311,123.90485235613598,90060
shapes_76_1,24.25481676720969,123.90059300822033,90061
shapes_76_1,24.255407864509504,123.90004328306533,90062
shapes_76_1,24.25597427159824,123.89943327172661,90063
shapes_76_1,24.256260269469404,123.89885851349392,90064
shapes_76_1,24.256386033700803,123.89840892326903,90065
shapes_76_1,24.25653229245318,123.89764309104069,90066
shapes_76_1,24.256493165875014,123.89639854343842,90067
shapes_76_1,24.25648384990757,123.8953787958599,90068
shapes_76_1,24.256577008954235,123.8948638091097,90069
shapes_76_1,24.256746557061877,123.89420781779337,90070
shapes_76_1,24.25713782152209,123.8935109555314,90071
shapes_76_1,24.257663231988566,123.8928467879305,90072
shapes_76_1,24.25851841675365,123.89216014373234,90073
shapes_76_1,24.25910577048309,123.89185820302374,90074
shapes_76_1,24.25972572611137,123.89175857821103,90075
shapes_76_1,24.260715506433204,123.89143671280182,90076
shapes_76_1,24.26182684606421,123.89068007512834,90077
shapes_76_1,24.263092345937743,123.88984884571984,90078
shapes_76_1,24.265052284327016,123.88843979148078,90079
shapes_76_1,24.265616785269113,123.88804742280627,90080
shapes_76_1,24.26649799906796,123.88739654052189,90081
shapes_76_1,24.267438124114875,123.88671653636268,90082
shapes_76_1,24.269057768247286,123.88555526738855,90083
shapes_76_1,24.269255244633964,123.88544746776462,90084
shapes_76_1,24.269522116715972,123.88532587450756,90085
shapes_76_1,24.269855356828913,123.8852369785309,90086
shapes_76_1,24.271596294881494,123.88510925404265,90087
shapes_76_1,24.27185431308419,123.88500707504137,90088
shapes_76_1,24.272004280135167,123.88483158189048,90089
shapes_76_1,24.272055743831032,123.88462364651788,90090
shapes_76_1,24.27205527813447,123.88419628143312,90091
shapes_76_1,24.272094865842835,123.8837988037267,90092
shapes_77_1,24.27209090693823,123.8837778568268,100001
shapes_77_1,24.27206016828402,123.88421288562314,100002
shapes_77_1,24.27205481243792,123.88460448797561,100003
shapes_77_1,24.271992171049167,123.88484052236892,100004
shapes_77_1,24.271903215394754,123.88497080104572,100005
shapes_77_1,24.271842436869896,123.88501473826183,100006
shapes_77_1,24.27172064669749,123.88506455066819,100007
shapes_77_1,24.271607006910617,123.88510695556761,100008
shapes_77_1,24.27147962768094,123.88511793946238,100009
shapes_77_1,24.269857452686235,123.88522880421081,100010
shapes_77_1,24.269516993578513,123.88532127657528,100011
shapes_77_1,24.269098753955728,123.88552052620071,100012
shapes_77_1,24.266945123988823,123.88707160949708,100013
shapes_77_1,24.265893446170423,123.88782569363686,100014
shapes_77_1,24.264091880586598,123.88914789466071,100015
shapes_77_1,24.2622721244129,123.89039346167922,100016
shapes_77_1,24.260726219454064,123.89144284370559,100017
shapes_77_1,24.260050607908106,123.89175959975549,100018
shapes_77_1,24.259593444419284,123.8919583386087,100019
shapes_77_1,24.259243642127135,123.892194373002,100020
shapes_77_1,24.258982337738765,123.89232822839406,100021
shapes_77_1,24.258713580289434,123.89245799597121,100022
shapes_77_1,24.258414080615896,123.89274154396846,100023
shapes_77_1,24.258114114414568,123.89305523473014,100024
shapes_77_1,24.2578574653399,123.89341950438396,100025
shapes_77_1,24.257619913491034,123.89381187305844,100026
shapes_77_1,24.257339042903602,123.89424766784943,100027
shapes_77_1,24.257089379207173,123.8947677610122,100028
shapes_77_1,24.256873718143517,123.89540484982719,100029
shapes_77_1,24.256651070046125,123.89616659653258,100030
shapes_77_1,24.256502016312115,123.89685988469867,100031
shapes_77_1,24.256430749656264,123.89733604031791,100032
shapes_77_1,24.256347838436604,123.89810698354269,100033
shapes_77_1,24.2563031227505,123.89878698770192,100034
shapes_77_1,24.255930487142805,123.89955384409406,100035
shapes_77_1,24.25491039297587,123.90054396229972,100036
shapes_77_1,24.2535558437632,123.90238216932633,100037
shapes_77_1,24.252453747877077,123.90395981899931,100038
shapes_77_1,24.251830030180262,123.90486053045608,100039
shapes_77_1,24.250873718898976,123.90887260437013,100040
shapes_77_1,24.250747018114627,123.91256332397462,100041
shapes_77_1,24.251271057220436,123.91545704442252,100042
shapes_77_1,24.251794162774733,123.91842024691871,100043
shapes_77_1,24.255721811131473,123.94071170230748,100044
shapes_77_1,24.25968660096367,123.96287645999111,100045
shapes_77_1,24.26195213913036,123.97545065323358,100046
shapes_77_1,24.26346495965892,123.97891657674337,100047
shapes_77_1,24.26435643476969,123.98091622642826,100048
shapes_77_1,24.265544127233145,123.98243972114871,100049
shapes_77_1,24.266910658366626,123.98431880108548,100050
shapes_77_1,24.267495644529607,123.98488487422586,100051
shapes_77_1,24.268457884941007,123.98554597588374,100052
shapes_77_1,24.268967413209793,123.98631232281335,100053
shapes_77_1,24.272779962592036,123.99535315751565,100054
shapes_77_1,24.28241467937206,124.02239595103312,100055
shapes_77_1,24.282546005992327,124.02315616607667,100056
shapes_77_1,24.28264473397706,124.02422700528408,100057
shapes_77_1,24.282563702714995,124.02546950717807,100058
shapes_77_1,24.28228242099942,124.02735471507188,100059
shapes_77_1,24.282511544452944,124.03097084490584,100060
shapes_77_1,24.282772335175935,124.0330532632652,100061
shapes_77_1,24.283062929154713,124.03630869754126,100062
shapes_77_1,24.28386019662924,124.03894901275636,100063
shapes_77_1,24.28499275556445,124.04108251881554,100064
shapes_77_1,24.296235833982873,124.06107493996389,100065
shapes_77_1,24.298441118966505,124.06421388674063,100066
shapes_77_1,24.300448937580786,124.0667091085925,100067
shapes_77_1,24.302380362334844,124.0696539200144,100068
shapes_77_1,24.304237259177345,124.07272338867189,100069
shapes_77_1,24.306412606055712,124.07685143407436,100070
shapes_77_1,24.30664354793563,124.07777309505038,100071
shapes_77_1,24.306703146811447,124.07844952249435,100072
shapes_77_1,24.30693595013857,124.07967567443849,100073
shapes_77_1,24.307179927858147,124.08086504292443,100074
shapes_77_1,24.30775355434915,124.08356258034475,100075
shapes_77_1,24.30950421763131,124.09224373841425,100076
shapes_77_1,24.310891691347287,124.0952764262329,100077
shapes_77_1,24.312349921073995,124.09744262695314,100078
shapes_77_1,24.313821170442143,124.09974779438927,100079
shapes_77_1,24.317110001915037,124.10475867160133,100080
shapes_77_1,24.31840614313632,124.10692487363124,100081
shapes_77_1,24.324561701859995,124.1170120239258,100082
shapes_77_1,24.329082974039373,124.12431989425387,100083
shapes_77_1,24.332568788514873,124.13004194124372,100084
shapes_77_1,24.33312088632045,124.13120678480483,100085
shapes_77_1,24.333409503094206,124.13219485926676,100086
shapes_77_1,24.333598500012016,124.1330644070695,100087
shapes_77_1,24.333514708392148,124.13631166768029,100088
shapes_77_1,24.33368601578725,124.14029257597578,100089
shapes_77_1,24.334877714506277,124.14573669346284,100090
shapes_77_1,24.33496709155902,124.1491208750813,100091
shapes_77_1,24.335056468548697,124.15456499453286,100092
shapes_77_1,24.335079743455797,124.1547420193456,100093
shapes_77_1,24.33511000145513,124.15491189236494,100094
shapes_77_1,24.335162835955014,124.15508074383982,100095
shapes_77_1,24.335227541014916,124.15522762654292,100096
shapes_77_1,24.335330417332216,124.1553926468987,100097
shapes_77_1,24.33542863862772,124.15549303819718,100098
shapes_77_1,24.335548505582604,124.15556277563158,100099
shapes_77_1,24.33568117381526,124.15559036388005,100100
shapes_77_1,24.33578986845795,124.1556008370026,100101
shapes_77_1,24.335891813319446,124.15559649412901,100102
shapes_77_1,24.336462283938783,124.15550121218988,100103
shapes_78_1,24.272069,123.883778,110001
shapes_78_1,24.27210930355009,123.88389229665337,110002
shapes_78_1,24.272055511020064,123.88423979267829,110003
shapes_78_1,24.272046273871435,123.88457715511323,110004
shapes_78_1,24.272001718765733,123.88479590379576,110005
shapes_78_1,24.27190826105613,123.88493657112123,110006
shapes_78_1,24.27179415544107,123.88500571330952,110007
shapes_78_1,24.271615390112224,123.88508200663638,110008
shapes_78_1,24.26985869459008,123.88521313692765,110009
shapes_78_1,24.26954136758072,123.88529837106037,110010
shapes_78_1,24.269056681490632,123.8855314256216,110011
shapes_78_1,24.268057961499434,123.8862454891205,110012
shapes_78_1,24.26694947101299,123.88705432411372,110013
shapes_78_1,24.2645199954728,123.88882637074859,110014
shapes_78_1,24.262352392222546,123.89034450039618,110015
shapes_78_1,24.260702076667737,123.89142215251924,110016
shapes_78_1,24.259641885556267,123.89180660160493,110017
shapes_78_1,24.258633308615092,123.89206409367036,110018
shapes_78_1,24.25781166211921,123.89220237673729,110019
shapes_78_1,24.256703081831926,123.8931083661737,110020
shapes_78_1,24.25615530937766,123.8938999164384,110021
shapes_78_1,24.255950981881842,123.89518260955812,110022
shapes_78_1,24.255959675786404,123.8961315143388,110023
shapes_78_1,24.256355290203636,123.89849185827191,110024
shapes_78_1,24.25622486944108,123.89921665191652,110025
shapes_78_1,24.2550510634238,123.90039920748677,110026
shapes_78_1,24.254359817782923,123.90141487150686,110027
shapes_78_1,24.252129547301898,123.90461444563701,110028
shapes_78_1,24.251303508684995,123.90721321018647,110029
shapes_78_1,24.25092961835338,123.90946388477461,110030
shapes_78_1,24.25081657994224,123.91269207000734,110031
shapes_78_1,24.25478152271689,123.93489837180825,110032
shapes_78_1,24.257442138420785,123.94974709139207,110033
shapes_78_1,24.25978099824809,123.96327019203456,110034
shapes_78_1,24.262076345238036,123.97547722124729,110035
shapes_78_1,24.263545692293846,123.97965430864136,110036
shapes_78_1,24.265015024752884,123.98219108115883,110037
shapes_78_1,24.266962512233818,123.9842033403693,110038
shapes_78_1,24.267701505596452,123.98569107055665,110039
shapes_78_1,24.282054535708784,124.02534484863283,110040
shapes_78_1,24.28212408696912,124.02885437244551,110041
shapes_78_1,24.282749984520343,124.0329360868782,110042
shapes_78_1,24.283202014416517,124.03636931441726,110043
shapes_78_1,24.284053923467447,124.03882980637721,110044
shapes_78_1,24.28605327795676,124.04224395984785,110045
shapes_78_1,24.291207989825732,124.05147552606651,110046
shapes_78_1,24.296249492609416,124.06057357380634,110047
shapes_78_1,24.298205195799277,124.0635967272101,110048
shapes_78_1,24.30043900593649,124.06638145737818,110049
shapes_78_1,24.30274230776317,124.06968116119971,110050
shapes_78_1,24.30440239778381,124.07253265846522,110051
shapes_78_1,24.305475795575255,124.07439231727041,110052
shapes_78_1,24.30633624619621,124.07611370086671,110053
shapes_78_1,24.306749086374,124.0771579759894,110054
shapes_78_1,24.307257530314438,124.07947540457829,110055
shapes_78_1,24.30778335352981,124.08263683319093,110056
shapes_78_1,24.30840912515798,124.0857553490787,110057
shapes_78_1,24.3089436344747,124.08871650783114,110058
shapes_78_1,24.30967369389872,124.09211635706016,110059
shapes_78_1,24.31000395733953,124.0929031374981,110060
shapes_78_1,24.31048196845573,124.09404754755089,110061
shapes_78_1,24.3110990348501,124.09525394177764,110062
shapes_78_1,24.3152272208469,124.10164833068849,110063
shapes_78_1,24.31983759249092,124.10867214290192,110064
shapes_78_1,24.321471389904328,124.11060810321943,110065
shapes_78_1,24.323609197601893,124.1119527805131,110066
shapes_78_1,24.32572524284711,124.1129446058767,110067
shapes_78_1,24.328141055729798,124.11324500804768,110068
shapes_78_1,24.3303743386087,124.11250114033466,110069
shapes_78_1,24.331873309217496,124.1112756720395,110070
shapes_78_1,24.33313764452195,124.10874843393688,110071
shapes_78_1,24.333576466784383,124.10638332541569,110072
shapes_78_1,24.334084801949704,124.10365104500671,110073
shapes_78_1,24.334354174900028,124.10187721165131,110074
shapes_78_1,24.334577928822455,124.10038113623159,110075
shapes_78_1,24.335522902921312,124.09691929758992,110076
shapes_78_1,24.336311462127195,124.09547209783342,110077
shapes_78_1,24.336650345446376,124.09485340074755,110078
shapes_78_1,24.336638397582668,124.09422993645423,110079
shapes_78_1,24.33615722634207,124.09342527374976,110080
shapes_78_1,24.336161570846564,124.09342527374976,120001
shapes_78_1,24.336632966785995,124.09423112858349,120002
shapes_78_1,24.336648173165237,124.09485578500609,120003
shapes_78_1,24.33616157107031,124.09573316563186,120004
shapes_78_1,24.335796618076753,124.09643411636354,120005
shapes_78_1,24.335522903070466,124.09692764282228,120006
shapes_78_1,24.33508843313522,124.09855842590333,120007
shapes_78_1,24.334860878671364,124.09937381744386,120008
shapes_78_1,24.334609428286438,124.10044550924798,120009
shapes_78_1,24.33452687823328,124.10105347684295,120010
shapes_78_1,24.334362864778374,124.10225987434389,120011
shapes_78_1,24.334059819369365,124.10436391866826,120012
shapes_78_1,24.334067422750934,124.10547316074373,120013
shapes_78_1,24.334030492206672,124.12924766555082,120014
shapes_78_1,24.334028320365377,124.13105726343932,120015
shapes_78_1,24.334039181659712,124.13309097246386,120016
shapes_78_1,24.333940338984213,124.13421750057753,120017
shapes_78_1,24.33389363294416,124.13494825355885,120018
shapes_78_1,24.333782841798328,124.13636684417726,120019
shapes_78_1,24.333828461695827,124.13765430450441,120020
shapes_78_1,24.333892003613947,124.13945436470387,120021
shapes_78_1,24.333908839526334,124.14000034321364,120022
shapes_78_1,24.334289547407188,124.14191186438985,120023
shapes_78_1,24.33468654701415,124.14383172948875,120024
shapes_78_1,24.33511667350776,124.14594888658031,120025
shapes_78_1,24.33512753535205,124.14690256118776,120026
shapes_78_1,24.33514708653519,124.14869308468045,120027
shapes_78_1,24.33517967174981,124.15115118026735,120028
shapes_78_1,24.335194335049838,124.1525399683087,120029
shapes_78_1,24.335214429504198,124.15428161581077,120030
shapes_78_1,24.33534259807008,124.15477037440726,120031
shapes_78_1,24.33561577068023,124.1551470754712,120032
shapes_78_1,24.336005162735947,124.15533304207203,120033
shapes_78_1,24.33648524857996,124.15545225172536,120034
shapes_79_1,24.336472524871578,124.15550402241935,130001
shapes_79_1,24.335989335576603,124.15553263286714,130002
shapes_79_1,24.33585527142853,124.15552854537965,130003
shapes_79_1,24.335714224224944,124.15552139194916,130004
shapes_79_1,24.335501489950566,124.15539724548583,130005
shapes_79_1,24.335383251814758,124.15527003111494,130006
shapes_79_1,24.33531063341719,124.15510399019696,130007
shapes_79_1,24.335278513756744,124.15491700172426,130008
shapes_79_1,24.335254772899443,124.15473461085642,130009
shapes_79_1,24.335242669475747,124.1542313777609,130010
shapes_79_1,24.33514118963154,124.14588587562322,130011
shapes_79_1,24.33393459762215,124.14001873723466,130012
shapes_79_1,24.333875012740073,124.13629225309707,130013
shapes_79_1,24.334203661822546,124.1334659722634,130014
shapes_79_1,24.334669167655523,124.13090739893961,130015
shapes_79_1,24.335595521197217,124.1275426305947,130016
shapes_79_1,24.33998234123925,124.11727360216902,130017
shapes_79_1,24.34450492770218,124.10695749102162,130018
shapes_79_1,24.352201699899314,124.08905165561012,130019
shapes_79_1,24.362243664505645,124.06554222456181,130020
shapes_79_1,24.36975693201506,124.04791831970216,130021
shapes_79_1,24.374987660238926,124.03408731508537,130022
shapes_79_1,24.380050648143474,124.02068138297182,130023
shapes_79_1,24.419267982194416,123.86622088277363,130024
shapes_79_1,24.419124702005877,123.86215107850151,130025
shapes_79_1,24.417986830059057,123.86028221662856,130026
shapes_79_1,24.416457245294012,123.85931151366096,130027
shapes_79_1,24.412248000520204,123.85805061872819,130028
shapes_79_1,24.41047828952591,123.85690825176428,130029
shapes_79_1,24.409635296839134,123.85526521014984,130030
shapes_79_1,24.40914215320074,123.85178906726652,130031
shapes_79_1,24.411135190618943,123.84492056648017,130032
shapes_79_1,24.411706483855937,123.84248869871955,130033
shapes_79_1,24.412761602607073,123.8408763073676,130034
shapes_79_1,24.417439289490506,123.83059041821981,130035
shapes_79_1,24.418077543791238,123.82962482362929,130036
shapes_79_1,24.420524466170153,123.82774267905917,130037
shapes_79_1,24.42298994856136,123.82565106679978,130038
shapes_79_1,24.42410033026269,123.824086699824,130039
shapes_79_1,24.42467854355969,123.82222090389408,130040
shapes_79_1,24.424675752448394,123.81971699956922,130041
shapes_79_1,24.423939844329382,123.8171231744491,130042
shapes_79_1,24.422084238233957,123.81349325180055,130043
shapes_79_1,24.420675187770335,123.81210616731552,130044
shapes_79_1,24.418778131394895,123.8102654044633,130045
shapes_79_1,24.41803241947604,123.80898152085139,130046
shapes_79_1,24.41774818253232,123.80749378902692,130047
shapes_79_1,24.418030558761416,123.80488872528078,130048
shapes_79_1,24.417977293417692,123.80202233802267,130049
shapes_79_1,24.418047073245663,123.80115457972352,130050
shapes_79_1,24.41841620818292,123.80073155669382,130051
shapes_79_1,24.418397135113427,123.80062529020508,130052
shapes_81_1,24.418403647781922,123.8007198063133,140001
shapes_81_1,24.418053818773075,123.80114078478074,140002
shapes_81_1,24.417974734850098,123.8020542688173,140003
shapes_81_1,24.41802869804674,123.80490405237653,140004
shapes_81_1,24.41775609101557,123.80745342787125,140005
shapes_81_1,24.41803288441246,123.80898101007917,140006
shapes_81_1,24.41877952716484,123.81029401556589,140007
shapes_81_1,24.420882196841013,123.8123376027943,140008
shapes_81_1,24.422067026448513,123.81346413058056,140009
shapes_81_1,24.423963568166364,123.81713594768371,140010
shapes_81_1,24.42467110064582,123.81968481240622,140011
shapes_81_1,24.424670635435742,123.82224082990435,140012
shapes_81_1,24.424056603589207,123.824129104396,140013
shapes_81_1,24.423010881801485,123.82562092403532,140014
shapes_81_1,24.420565867941658,123.8277012960316,140015
shapes_81_1,24.418076148237127,123.82960183233082,140016
shapes_81_1,24.417417425001517,123.83056640635917,140017
shapes_81_1,24.416633558075166,123.83232695734479,140018
shapes_81_1,24.414804827124538,123.83641515400087,140019
shapes_81_1,24.4136585423151,123.83888738455427,140020
shapes_81_1,24.413153782707163,123.83998887893542,140021
shapes_81_1,24.412638786378118,123.84099279126532,140022
shapes_81_1,24.411673453375126,123.8424585539906,140023
shapes_81_1,24.411548308304507,123.84312629699708,140024
shapes_81_1,24.41128406164884,123.84444236711717,140025
shapes_81_1,24.410080056187102,123.8485673498508,140026
shapes_81_1,24.40910307282671,123.85185241677392,140027
shapes_81_1,24.409665071740864,123.8551671163441,140028
shapes_81_1,24.41038338490552,123.8568224230403,140029
shapes_81_1,24.4120991312606,123.85791369837536,140030
shapes_81_1,24.416639605967664,123.85940551735986,140031
shapes_81_1,24.418016602692735,123.8603169576527,140032
shapes_81_1,24.419095860094902,123.86211940211071,140033
shapes_81_1,24.41927821654593,123.86619840290226,140034
shapes_81_1,24.418348289343573,123.86985795819784,140035
shapes_81_1,24.416092524348777,123.87876238135507,140036
shapes_81_1,24.39600145808193,123.95799636666199,140037
shapes_81_1,24.3800841467506,124.02058737992776,140038
shapes_81_1,24.377716476457334,124.0269715455361,140039
shapes_81_1,24.37271296052666,124.04053279431538,140040
shapes_81_1,24.37028187430549,124.04688835144044,140041
shapes_81_1,24.367677611794665,124.0531826001825,140042
shapes_81_1,24.356247248690973,124.07957758259728,140043
shapes_81_1,24.345983249116696,124.10335064021639,140044
shapes_81_1,24.340756907562806,124.11533628241162,140045
shapes_81_1,24.335546177742714,124.12762641884913,140046
shapes_81_1,24.33473527003844,124.13066012493803,140047
shapes_81_1,24.334212041299466,124.13345268694687,140048
shapes_81_1,24.333841961328513,124.13640158520138,140049
shapes_81_1,24.333954149278405,124.14000289805702,140050
shapes_81_1,24.334647289446536,124.14333036955215,140051
shapes_81_1,24.335179361340423,124.14598652329006,140052
shapes_81_1,24.335186344134385,124.14786049223042,140053
shapes_81_1,24.335205429908893,124.15009413452937,140054
shapes_81_1,24.335261755540092,124.15430341465256,140055
shapes_81_1,24.335299926765163,124.15472439344741,140056
shapes_81_1,24.33537906271176,124.15503501826609,140057
shapes_81_1,24.335495438101482,124.15527565157392,140058
shapes_81_1,24.335594590121268,124.15542278999057,140059
shapes_81_1,24.335754723149797,124.15553314363935,140060
shapes_81_1,24.33593161336036,124.15557912427177,140061
shapes_81_1,24.336452973827743,124.15551781719843,140062
shapes_82_1,24.336472524946156,124.15546519390776,150001
shapes_82_1,24.335777067152343,124.15557146072389,150002
shapes_82_1,24.33563881308858,124.15557452601207,150003
shapes_82_1,24.33551871337544,124.15555562351074,150004
shapes_82_1,24.335399079087125,124.15550402241935,150005
shapes_82_1,24.33528875487148,124.1553773207852,150006
shapes_82_1,24.335186343836064,124.15519901674999,150007
shapes_82_1,24.335128621104797,124.15501407202103,150008
shapes_82_1,24.335092777676376,124.15482044219972,150009
shapes_82_1,24.335067640612042,124.15461404045347,150010
shapes_82_1,24.334983849665488,124.15095652824677,150011
shapes_82_1,24.3349112308898,124.1459614889027,150012
shapes_82_1,24.333677636499292,124.14005552069284,150013
shapes_82_1,24.3335072599604,124.1363280163205,150014
shapes_82_1,24.33359617243462,124.13311294156303,150015
shapes_82_1,24.333293590887347,124.13166761332835,150016
shapes_82_1,24.33277314858961,124.13043992841268,150017
shapes_82_1,24.330446028423417,124.12659134155548,150018
shapes_82_1,24.328124452006247,124.12281785687811,150019
shapes_82_1,24.322521676909624,124.11368914938069,150020
shapes_82_1,24.316886527756033,124.10444191424178,150021
shapes_82_1,24.31097270489785,124.09540874570668,150022
shapes_82_1,24.3095004913673,124.09223249978822,150023
shapes_82_1,24.30642657451422,124.07698631068342,150024
shapes_82_1,24.304869566514313,124.0739045821829,150025
shapes_82_1,24.30360588029832,124.07152993138881,150026
shapes_82_1,24.300817717287394,124.06719957172756,150027
shapes_82_1,24.298001554840575,124.06360796419905,150028
shapes_82_1,24.296156673902193,124.0608664911997,150029
shapes_82_1,24.28836708768855,124.0469619196665,150030
shapes_82_1,24.283826666753296,124.03893266542585,150031
shapes_82_1,24.28307689958622,124.0363189156051,150032
shapes_82_1,24.28206913150832,124.02706248460166,150033
shapes_82_1,24.282314088796525,124.02512005253813,150034
shapes_82_1,24.28232619667479,124.02474403381349,150035
shapes_82_1,24.282262861675612,124.02433225121061,150036
shapes_82_1,24.28217903643709,124.02401140767326,150037
shapes_82_1,24.282079352596092,124.02371000032875,150038
shapes_82_1,24.268713115114203,123.98665257962422,150039
shapes_82_1,24.26842528301625,123.98586784031069,150040
shapes_82_1,24.267984683263712,123.98537022898383,150041
shapes_82_1,24.26760183696044,123.98508514736025,150042
shapes_82_1,24.267281398634953,123.98486035192036,150043
shapes_82_1,24.26423906222288,123.98098673002097,150044
shapes_82_1,24.261654044215607,123.97527694876771,150045
shapes_82_1,24.25660309352282,123.95042282994838,150046
shapes_82_1,24.250748881511644,123.92203535389855,150047
shapes_82_1,24.250560692605443,123.92095020913986,150048
shapes_82_1,24.246068298291505,123.91018254653319,150049
shapes_82_1,24.244089434431448,123.90587057336235,150050
shapes_82_1,24.24278694359562,123.90330995694968,150051
shapes_82_1,24.241972647633965,123.90184061718176,150052
shapes_82_1,24.24121797546659,123.90093122259717,150053
shapes_82_1,24.240474478914525,123.90029362431962,150054
shapes_82_1,24.08038768046823,123.7663395065465,150055
shapes_82_1,24.08010875282481,123.76612084168303,150056
shapes_82_1,24.079816762128612,123.76589093852091,150057
shapes_82_1,24.079571415200572,123.76580919531992,150058
shapes_82_1,24.079335397303307,123.76580204254425,150059
shapes_82_1,24.078958513647894,123.76587254679181,150060
shapes_82_1,24.076235870376614,123.76665881694863,150061
shapes_82_1,24.073134169063724,123.76746628955517,150062
shapes_82_1,24.071396119967535,123.76855705460913,150063
shapes_82_1,24.070826327784314,123.76866817474367,150064
shapes_82_1,24.070302946947745,123.76844746711869,150065
shapes_82_1,24.068157856105877,123.76575504036738,150066
shapes_82_1,24.067939776386652,123.76561760875123,150067
shapes_82_1,24.06779889936523,123.76557520434291,150068
shapes_82_1,24.067682745408113,123.76555936647495,150069
shapes_82_1,24.067487522606932,123.76558440069859,150070
shapes_82_1,24.066984886267427,123.76595684450878,150071
shapes_83_1,24.33656562462699,124.15549993493188,160001
shapes_83_1,24.33605838502071,124.15544629075158,160002
shapes_83_1,24.3356304338552,124.1552507880988,160003
shapes_83_1,24.335451215531613,124.1550719739462,160004
shapes_83_1,24.335344770354972,124.154818058596,160005
shapes_83_1,24.33527416922196,124.15452122593707,160006
shapes_83_1,24.33525679018634,124.15426492698317,160007
shapes_83_1,24.335080829665767,124.1460299487517,160008
shapes_83_1,24.333849099477092,124.14000034386848,160009
shapes_83_1,24.333785013942144,124.1382122039795,160010
shapes_83_1,24.333716583935754,124.1364276411332,160011
shapes_83_1,24.333832806764985,124.13311600685121,160012
shapes_83_1,24.333561259066876,124.13153529189003,160013
shapes_83_1,24.333056180184656,124.13030147541579,160014
shapes_83_1,24.331358447430166,124.12751674622997,160015
shapes_83_1,24.329631363299956,124.12473678588869,160016
shapes_83_1,24.320385091460754,124.10964965354653,160017
shapes_83_1,24.314153906471518,124.09969329892193,160018
shapes_83_1,24.3111012079794,124.09528970762041,160019
shapes_83_1,24.309723667175238,124.0922403332661,160020
shapes_83_1,24.309200025463426,124.0896511070605,160021
shapes_83_1,24.30668824679673,124.07684326171876,160022
shapes_83_1,24.3039591304179,124.07140731920664,160023
shapes_83_1,24.300888804021124,124.06681537671832,160024
shapes_83_1,24.2982051940088,124.0634036055417,160025
shapes_83_1,24.29611476542867,124.06025648117067,160026
shapes_83_1,24.294745755243827,124.05773162798144,160027
shapes_83_1,24.28982371316064,124.04901266098024,160028
shapes_83_1,24.2840886961673,124.03884887651658,160029
shapes_83_1,24.283338930994926,124.03625249949984,160030
shapes_83_1,24.28293905394882,124.03216838836671,160031
shapes_83_1,24.28247832505773,124.02777910261648,160032
shapes_83_1,24.28243920646748,124.02725458145143,160033
shapes_83_1,24.282689130454077,124.02459383010866,160034
shapes_83_1,24.282921667741146,124.02227163169302,160035
shapes_83_1,24.283008597860405,124.02124643325807,160036
shapes_83_1,24.28296078618279,124.02073621764433,160037
shapes_83_1,24.282826045197815,124.02015209198,160038
shapes_83_1,24.282567428203066,124.0195941925049,160039
shapes_83_1,24.269066462020337,123.98600578351763,160040
shapes_83_1,24.26892083883198,123.98577451633174,160041
shapes_83_1,24.268729572296763,123.98548364726594,160042
shapes_83_1,24.268507875338678,123.98519039066743,160043
shapes_83_1,24.26807969612994,123.98501634699645,160044
shapes_83_1,24.267727588479406,123.98489713668823,160045
shapes_83_1,24.267388521328936,123.98468732979383,160046
shapes_83_1,24.267082055850036,123.9845562001574,160047
shapes_83_1,24.26438903803668,123.98084879008822,160048
shapes_83_1,24.26266538993624,123.9770007133484,160049
shapes_83_1,24.261832901128948,123.97511482180562,160050
shapes_83_1,24.258146406147368,123.95454406505452,160051
shapes_83_1,24.254538063445704,123.93352508603131,160052
shapes_83_1,24.252416483715084,123.92171859653901,160053
shapes_83_1,24.250860054796437,123.91300201707055,160054
shapes_83_1,24.250673109713265,123.91071796417238,160055
shapes_83_1,24.250955702289225,123.90838622872253,160056
shapes_83_1,24.251907820796895,123.9048576386995,160057
shapes_83_1,24.253086002878128,123.90310764400057,160058
shapes_83_1,24.25402071378271,123.9017343503656,160059
shapes_83_1,24.255098886797242,123.90037536621095,160060
shapes_83_1,24.255529282020202,123.89929771539757,160061
shapes_83_1,24.25589446611449,123.89812469424217,160062
shapes_83_1,24.25617270074039,123.89684677094921,160063
shapes_83_1,24.25608140471639,123.89608383178712,160064
shapes_83_1,24.256055320637802,123.89532089000569,160065
shapes_83_1,24.256037930453076,123.89486789790682,160066
shapes_83_1,24.256298774615985,123.89379978019862,160067
shapes_83_1,24.2566476538773,123.89320850306831,160068
shapes_83_1,24.256988924032154,123.89264345147241,160069
shapes_83_1,24.25750191352558,123.89225721337426,160070
shapes_83_1,24.25791708651741,123.8920819759369,160071
shapes_83_1,24.258358341765028,123.8919925685332,160072
shapes_83_1,24.259026742334676,123.89187455133653,160073
shapes_83_1,24.259697313399595,123.89178395213096,160074
shapes_83_1,24.260718922418103,123.89145851098876,160075
shapes_83_1,24.26110908766124,123.89119386876702,160076
shapes_83_1,24.26342397200306,123.88960838332426,160077
shapes_83_1,24.26435480469566,123.88894081155742,160078
shapes_83_1,24.265318233451023,123.88827502716597,160079
shapes_83_1,24.266555519609696,123.88738036115684,160080
shapes_83_1,24.267749867305884,123.88650476954356,160081
shapes_83_1,24.269009408248166,123.88558804963395,160082
shapes_83_1,24.269575599823188,123.88531446464185,160083
shapes_83_1,24.269831526345897,123.88524591933675,160084
shapes_83_1,24.269933135894103,123.8852369785309,160085
shapes_83_1,24.271607239647782,123.88510942430004,160086
shapes_83_1,24.271883265036227,123.88500213855879,160087
shapes_83_1,24.27201149899415,123.88483285914846,160088
shapes_83_1,24.272074528316963,123.88459682639223,160089
shapes_83_1,24.272073441865935,123.88418197620922,160090
shapes_83_1,24.272107130200908,123.88375759095655,160091
shapes_83_1,24.272109846887385,123.8837635517666,170001
shapes_83_1,24.2720723550418,123.88412177548163,170002
shapes_83_1,24.272057684519368,123.88424038890663,170003
shapes_83_1,24.2720587711944,123.88438046000377,170004
shapes_83_1,24.272052250920257,123.88458907607858,170005
shapes_83_1,24.271996285014986,123.8848221303124,170006
shapes_83_1,24.271882722929167,123.88498246662495,170007
shapes_83_1,24.271756120238162,123.88502776622774,170008
shapes_83_1,24.27160234955543,123.8850939276017,170009
shapes_83_1,24.270950315457473,123.8851249216532,170010
shapes_83_1,24.269819572337507,123.88522326920793,170011
shapes_83_1,24.26956527594719,123.8852792976468,170012
shapes_83_1,24.269044727260127,123.88553380955273,170013
shapes_83_1,24.268320411469876,123.88606309890748,170014
shapes_83_1,24.26760315552263,123.8865983485812,170015
shapes_83_1,24.263001209802503,123.88988256454469,170016
shapes_83_1,24.260685231213632,123.89143824577333,170017
shapes_83_1,24.259665795486374,123.89173507646777,170018
shapes_83_1,24.25844202749488,123.89191627618858,170019
shapes_83_1,24.257946430918302,123.89202594749806,170020
shapes_83_1,24.257432899314562,123.89225900173189,170021
shapes_83_1,24.256960665785265,123.8926154375804,170022
shapes_83_1,24.256281385509354,123.89376938335774,170023
shapes_83_1,24.256009128849918,123.89486014857539,170024
shapes_83_1,24.256056950519728,123.89609813701101,170025
shapes_83_1,24.25615802793498,123.89684200275954,170026
shapes_83_1,24.255889031525882,123.89807581890636,170027
shapes_83_1,24.255511348914993,123.8992911575406,170028
shapes_83_1,24.2550885605514,123.90038430701681,170029
shapes_83_1,24.254013649952224,123.90170395385213,170030
shapes_83_1,24.252453980649317,123.90401601835039,170031
shapes_83_1,24.251884995733047,123.90484511855905,170032
shapes_83_1,24.251438283542,123.90539646148683,170033
shapes_83_1,24.25091005286053,123.90594005672028,170034
shapes_83_1,24.250286171762323,123.90671253160693,170035
shapes_83_1,24.249677504927803,123.9071416850493,170036
shapes_83_1,24.249312303876778,123.90727996942589,170037
shapes_83_1,24.248855799968972,123.90750885038872,170038
shapes_83_1,24.24847103173554,123.90760898793816,170039
shapes_83_1,24.24809495707894,123.90770673664521,170040
shapes_83_1,24.24765801405203,123.90769004879986,170041
shapes_83_1,24.247177592530647,123.90767097735082,170042
shapes_83_1,24.246418914436113,123.90750646809467,170043
shapes_83_1,24.24561023154003,123.90710830804895,170044
shapes_83_1,24.24489501979688,123.90651702895411,170045
shapes_83_1,24.244334153243674,123.90608549190803,170046
shapes_83_1,24.24390806750123,123.9053511612292,170047
shapes_83_1,24.243208065331768,123.90372276306154,170048
shapes_83_1,24.242581971859217,123.90210150391796,170049
shapes_83_1,24.24187761555768,123.90063285827638,170050
shapes_83_1,24.24100803395303,123.89949799049647,170051
shapes_83_1,24.075294414440176,123.76744508743288,170052
shapes_83_1,24.07498313352732,123.76719951469569,170053
shapes_83_1,24.07439104453881,123.7671470649366,170054
shapes_83_1,24.073709704089364,123.76728773160723,170055
shapes_83_1,24.073232981309662,123.7674140953459,170056
shapes_83_1,24.072712719739897,123.76774549484254,170057
shapes_83_1,24.072249054379792,123.76805305437303,170058
shapes_83_1,24.071515457762658,123.76848697633251,170059
shapes_83_1,24.071230290361598,123.76861095384812,170060
shapes_83_1,24.070942945400365,123.76864671707155,170061
shapes_83_1,24.070579409578478,123.76859664829682,170062
shapes_83_1,24.07030076971177,123.76840591547081,170063
shapes_83_1,24.069290697437623,123.76714468002321,170064
shapes_83_1,24.068181569011575,123.76574993100805,170065
shapes_83_1,24.067967687662225,123.7656009197599,170066
shapes_83_1,24.06777503076478,123.76553535461427,170067
shapes_83_1,24.067475160848417,123.7655746935707,170068
shapes_83_1,24.066885214045403,123.76602173026188,170069
shapes_84_1,24.06694430261519,123.76596859554411,180001
shapes_84_1,24.067509213940152,123.76557443834828,180002
shapes_84_1,24.067712600233072,123.76556651908687,180003
shapes_84_1,24.067924149392525,123.76560483666256,180004
shapes_84_1,24.06815575699093,123.76576602442584,180005
shapes_84_1,24.069325683724177,123.76722591245199,180006
shapes_84_1,24.070305978987186,123.76845002196208,180007
shapes_84_1,24.070829126670525,123.76867558257801,180008
shapes_84_1,24.07141851035813,123.76855398932095,180009
shapes_84_1,24.07313206989943,123.76745709352691,180010
shapes_84_1,24.07866582233477,123.76604906148717,180011
shapes_84_1,24.079065562307306,123.76597728047274,180012
shapes_84_1,24.079391370330086,123.76596987247468,180013
shapes_84_1,24.07965187635949,123.76601329859115,180014
shapes_84_1,24.079850579192602,123.7660968304772,180015
shapes_84_1,24.080171254402703,123.76626082928853,180016
shapes_84_1,24.08045484751624,123.76648971025136,180017
shapes_84_1,24.23429341647829,123.89010020851858,180018
shapes_84_1,24.235277337107355,123.89096668775893,180019
shapes_84_1,24.236205343036676,123.89165742206389,180020
shapes_84_1,24.237077447431297,123.89267921273132,180021
shapes_84_1,24.23782655518681,123.89403615641642,180022
shapes_84_1,24.240178197805513,123.89826229366008,180023
shapes_84_1,24.242268925758903,123.90242304420102,180024
shapes_84_1,24.244169557506698,123.90602792787834,180025
shapes_84_1,24.245697497062697,123.90975543356035,180026
shapes_84_1,24.24891728759654,123.91705512825868,180027
shapes_84_1,24.250553239603274,123.92104421218393,180028
shapes_84_1,24.25146623240191,123.92552375793458,180029
shapes_84_1,24.256098173390964,123.94803592062092,180030
shapes_84_1,24.261974494937256,123.97600854747,180031
shapes_84_1,24.26350967342309,123.97953169449468,180032
shapes_84_1,24.264285638614886,123.98103169041862,180033
shapes_84_1,24.265790047823238,123.98307118884988,180034
shapes_84_1,24.26744161730172,123.98508310361652,180035
shapes_84_1,24.26773504107183,123.9853589887207,180036
shapes_84_1,24.2681160250253,123.98554801897265,180037
shapes_84_1,24.26861344518218,123.98600067317605,180038
shapes_84_1,24.268969276041283,123.98646048080992,180039
shapes_84_1,24.269188179593733,123.98697446566078,180040
shapes_84_1,24.282030943664317,124.02526106365258,180041
shapes_84_1,24.282118495173354,124.02602741058219,180042
shapes_84_1,24.28216320237346,124.02668748578436,180043
shapes_84_1,24.282150163309783,124.02729851834012,180044
shapes_84_1,24.283089939151658,124.03627906620387,180045
shapes_84_1,24.283844363222894,124.03892346759677,180046
shapes_84_1,24.287247597988333,124.04500620687033,180047
shapes_84_1,24.290751325137197,124.05127286998324,180048
shapes_84_1,24.294007227790203,124.05705622339157,180049
shapes_84_1,24.295905224047083,124.06043836061144,180050
shapes_84_1,24.29809375149657,124.0637602109928,180051
shapes_84_1,24.300775810949894,124.06719957041787,180052
shapes_84_1,24.30364499251534,124.07151562714719,180053
shapes_84_1,24.306417262208715,124.07695872505431,180054
shapes_84_1,24.30789882327458,124.08434833661887,180055
shapes_84_1,24.309508872178895,124.09230198216393,180056
shapes_84_1,24.311000640361442,124.09545523711132,180057
shapes_84_1,24.31441059574668,124.10066740834738,180058
shapes_84_1,24.317829771207126,124.10594497414424,180059
shapes_84_1,24.325227426321927,124.11812169229962,180060
shapes_84_1,24.329280357586534,124.12471430667213,180061
shapes_84_1,24.332753131501033,124.13038015365602,180062
shapes_84_1,24.333289866515855,124.13166761398317,180063
shapes_84_1,24.333609672203917,124.13309199466313,180064
shapes_84_1,24.333505397777806,124.13634078890028,180065
shapes_84_1,24.333588724156833,124.13819074630739,180066
shapes_84_1,24.33367065399509,124.14002384364724,180067
shapes_84_1,24.334929385475746,124.14604221121408,180068
shapes_84_1,24.33500060762057,124.15137290976418,180069
shapes_84_1,24.335061123351466,124.15432180670905,180070
shapes_84_1,24.33509929463699,124.15465491139913,180071
shapes_84_1,24.335125130079177,124.15482120868548,180072
shapes_84_1,24.335161206790303,124.15497601032259,180073
shapes_84_1,24.335198214271674,124.155119572024,180074
shapes_84_1,24.33527455674862,124.15525623764555,180075
shapes_84_1,24.3353413567511,124.15537527638662,180076
shapes_84_1,24.335418164829573,124.15545497617131,180077
shapes_84_1,24.33551731690983,124.15551602851339,180078
shapes_84_1,24.33562717538858,124.15554795963547,180079
shapes_84_1,24.335742852766323,124.15556762927737,180080
shapes_84_1,24.335865046959654,124.15556073188783,180081
shapes_84_1,24.336469033696545,124.15549635887147,180082
shapes_85_1,24.066961407054485,123.76595020283278,190001
shapes_85_1,24.06747842632587,123.76555383212691,190002
shapes_85_1,24.067721696539568,123.76552104971782,190003
shapes_85_1,24.067947551299337,123.76558721076437,190004
shapes_85_1,24.068159255671524,123.76573324185304,190005
shapes_85_1,24.06887110220928,123.76659810561252,190006
shapes_85_1,24.069543760993803,123.76744985562257,190007
shapes_85_1,24.0703551925285,123.76845359802248,190008
shapes_85_1,24.070817231478458,123.76865386951977,190009
shapes_85_1,24.071117638074234,123.76859664927908,190010
shapes_85_1,24.07140171756555,123.76854538935733,190011
shapes_85_1,24.07224742177653,123.76799583445974,190012
shapes_85_1,24.072989721324436,123.76750946044923,190013
shapes_85_1,24.07306210062649,123.76748561851856,190014
shapes_85_1,24.07313665685137,123.767466545105,190015
shapes_85_1,24.07330046255546,123.76746416117386,190016
shapes_85_1,24.07341801084019,123.76750707619068,190017
shapes_85_1,24.073496376216298,123.7675559521813,190018
shapes_85_1,24.0735453545754,123.7676095963616,190019
shapes_85_1,24.237938355983044,123.89633177896033,190020
shapes_85_1,24.23917319484492,123.89722823922058,190021
shapes_85_1,24.240181923714918,123.89849662809868,190022
shapes_85_1,24.24071237506864,123.89938354608606,190023
shapes_85_1,24.241334126109173,123.90071868896486,190024
shapes_85_1,24.241912397408537,123.90168190322586,190025
shapes_85_1,24.242281968615426,123.90240669163178,190026
shapes_85_1,24.242890670387705,123.90314579475672,190027
shapes_85_1,24.243508066391925,123.90372753026898,190028
shapes_85_1,24.244473283277614,123.90468120487641,190029
shapes_85_1,24.24589935600952,123.9054012313136,190030
shapes_85_1,24.24663412512533,123.90575409110173,190031
shapes_85_1,24.24743845486637,123.90594482654707,190032
shapes_85_1,24.248768846487344,123.90592575247868,190033
shapes_85_1,24.25018182961635,123.90569209906973,190034
shapes_85_1,24.25106004394959,123.90537739265712,190035
shapes_85_1,24.251699137587494,123.90483856201173,190036
shapes_85_1,24.252390398287698,123.90400886361023,190037
shapes_85_1,24.253377285367915,123.90267372335076,190038
shapes_85_1,24.25439894531606,123.90117645220019,190039
shapes_85_1,24.254670661824573,123.90080690456672,190040
shapes_85_1,24.255331473978984,123.90014648459328,190041
shapes_85_1,24.255931418803325,123.8994526876195,190042
shapes_85_1,24.25620747957805,123.89883279873176,190043
shapes_85_1,24.256355291397693,123.89809131593213,190044
shapes_85_1,24.256205305807686,123.89756441116334,190045
shapes_85_1,24.256190090011152,123.89701128020536,190046
shapes_85_1,24.256268343938995,123.89606475902839,190047
shapes_85_1,24.256529187629248,123.89499187345793,190048
shapes_85_1,24.25687045780355,123.8940596597968,190049
shapes_85_1,24.25709217446179,123.89340400768562,190050
shapes_85_1,24.25732475859455,123.8931274415518,190051
shapes_85_1,24.25773341152926,123.8925552365254,190052
shapes_85_1,24.258600705364426,123.8919901855843,190053
shapes_85_1,24.259041958239518,123.89189243360309,190054
shapes_85_1,24.25948320868765,123.89181375503541,190055
shapes_85_1,24.259820125008513,123.89173269286405,190056
shapes_85_1,24.260302672173264,123.89161348321069,190057
shapes_85_1,24.26056133418948,123.89151334762575,190058
shapes_85_1,24.261000407466856,123.89127016111163,190059
shapes_85_1,24.261667706561273,123.89082670211793,190060
shapes_85_1,24.26238934318368,123.89037609100343,190061
shapes_85_1,24.263376153552024,123.88966798913317,190062
shapes_85_1,24.264273838853924,123.88898134231569,190063
shapes_85_1,24.26580184639872,123.88792276426103,190064
shapes_85_1,24.267568922301095,123.8866043079179,190065
shapes_85_1,24.26905124776319,123.885554075423,190066
shapes_85_1,24.26942073950568,123.88536691652918,190067
shapes_85_1,24.269682643575184,123.88526201259084,190068
shapes_85_1,24.26987825574916,123.88521313660023,190069
shapes_85_1,24.27102638637165,123.88513863097616,190070
shapes_85_1,24.271504001157453,123.88509571563192,190071
shapes_85_1,24.271656142128073,123.88507664189093,190072
shapes_85_1,24.271821866790706,123.88502419016734,190073
shapes_85_1,24.271983244236125,123.88488173513909,190074
shapes_85_1,24.272062031368645,123.88463497158229,190075
shapes_85_1,24.2720582278942,123.884221911394,190076
shapes_85_1,24.272101696380048,123.88382792461925,190077
shapes_85_1,24.272069638242588,123.8837778568268,190078
shapes_85_1,24.272069,123.883778,200001
shapes_85_1,24.272122344166778,123.88383865345531,200002
shapes_85_1,24.272079962064364,123.8842302556441,200003
shapes_85_1,24.272083765687405,123.88464272025888,200004
shapes_85_1,24.2720017186165,123.88488292694093,200005
shapes_85_1,24.27182295361698,123.8850516081584,200006
shapes_85_1,24.271645818197243,123.88509631186028,200007
shapes_85_1,24.269905424207202,123.8852268462506,200008
shapes_85_1,24.269666885559047,123.8852804904309,200009
shapes_85_1,24.269414762556917,123.88537883798564,200010
shapes_85_1,24.269038206756708,123.88557493686677,200011
shapes_85_1,24.2681351207417,123.88622224309076,200012
shapes_85_1,24.26729016981895,123.88682424971196,200013
shapes_85_1,24.26567034762741,123.88804435686326,200014
shapes_85_1,24.264314050450395,123.88898968754803,200015
shapes_85_1,24.262400211506456,123.89041066111534,200016
shapes_85_1,24.261634016056004,123.89085650371273,200017
shapes_85_1,24.26101779548033,123.8912916181289,200018
shapes_85_1,24.260562421037427,123.89154672659062,200019
shapes_85_1,24.260286369419777,123.89165163003783,200020
shapes_85_1,24.259588631252058,123.89181971600922,200021
shapes_85_1,24.258637657565288,123.89201045079973,200022
shapes_85_1,24.258201837627766,123.8922584064858,200023
shapes_85_1,24.257726889400804,123.89256596601628,200024
shapes_85_1,24.257337800802816,123.89315366708617,200025
shapes_85_1,24.25712260553864,123.893413544065,200026
shapes_85_1,24.256884586639302,123.89410972595216,200027
shapes_85_1,24.25653244767945,123.89499664262986,200028
shapes_85_1,24.256281385658596,123.89605999051129,200029
shapes_85_1,24.256204219519514,123.89704108180015,200030
shapes_85_1,24.256208566463226,123.89757752360313,200031
shapes_85_1,24.256387897015202,123.89805793762208,200032
shapes_85_1,24.2562129140038,123.89886856064551,200033
shapes_85_1,24.255968372078463,123.89946699186113,200034
shapes_85_1,24.2546902252463,123.90083670681635,200035
shapes_85_1,24.25442937763447,123.90118002891542,200036
shapes_85_1,24.25309469727709,123.90310049057008,200037
shapes_85_1,24.25198607646436,123.90457987945412,200038
shapes_85_1,24.251788262911763,123.90500068700933,200039
shapes_85_1,24.251288292301954,123.90704393241323,200040
shapes_85_1,24.250920921716748,123.90855073797869,200041
shapes_85_1,24.250760060698997,123.91266345890473,200042
shapes_85_1,24.25203172535759,123.91983032270221,200043
shapes_85_1,24.253338157968226,123.92727613492754,200044
shapes_85_1,24.254685878101437,123.93466472625734,200045
shapes_85_1,24.26198070611007,123.97554874507479,200046
shapes_85_1,24.26241542536578,123.97666931385176,200047
shapes_85_1,24.262976212776913,123.97788047790529,200048
shapes_85_1,24.26388694363367,123.97996664061796,200049
shapes_85_1,24.264304269405706,123.98083686814063,200050
shapes_85_1,24.26564100599815,123.98262024114959,200051
shapes_85_1,24.266245249369142,123.98340940388154,200052
shapes_85_1,24.266629962923243,123.98388147397783,200053
shapes_85_1,24.266999462003998,123.98433923721315,200054
shapes_85_1,24.267279845608037,123.98470640255256,200055
shapes_85_1,24.267842784830258,123.9850807200128,200056
shapes_85_1,24.26844919129421,123.98535013271614,200057
shapes_85_1,24.268986043314325,123.98574590653881,200058
shapes_85_1,24.269416392416808,123.98616313934328,200059
shapes_85_1,24.28243703314579,124.01982307412256,200060
shapes_85_1,24.28268912985716,124.02045726790678,200061
shapes_85_1,24.282795619678804,124.02113676129376,200062
shapes_85_1,24.282862990354523,124.02173280759601,200063
shapes_85_1,24.28284995076579,124.02235984729488,200064
shapes_85_1,24.282292511348242,124.02708172696296,200065
shapes_85_1,24.282541349262,124.0294575695589,200066
shapes_85_1,24.282789099731918,124.03183221773362,200067
shapes_85_1,24.283180284163752,124.03556227662195,200068
shapes_85_1,24.28325526106339,124.03619885466469,200069
shapes_85_1,24.28362362484431,124.03763294263628,200070
shapes_85_1,24.284053924661237,124.03894185932587,200071
shapes_85_1,24.289341277812667,124.04836893081666,200072
shapes_85_1,24.292424921882855,124.05389070598176,200073
shapes_85_1,24.29550849134546,124.05934333830376,200074
shapes_85_1,24.297431609087198,124.06242847457182,200075
shapes_85_1,24.298292113663283,124.06370639786475,200076
shapes_85_1,24.30082361517216,124.06692027885585,200077
shapes_85_1,24.303843966827273,124.07141447067262,200078
shapes_85_1,24.3066317528561,124.07688140985557,200079
shapes_85_1,24.308363495328905,124.08576250119951,200080
shapes_85_1,24.30964327481508,124.09221649199026,200081
shapes_85_1,24.31115987290857,124.09541368513601,200082
shapes_85_1,24.316795896283846,124.10395145438088,200083
shapes_85_1,24.325032209763254,124.11724090619829,200084
shapes_85_1,24.329381532074187,124.12431239965375,200085
shapes_85_1,24.33309636939554,124.1303050518036,200086
shapes_85_1,24.333528673566516,124.13154602072609,200087
shapes_85_1,24.33380456547231,124.13308381968821,200088
shapes_85_1,24.333632947824313,124.13632988915198,200089
shapes_85_1,24.33379207437887,124.1400206090839,200090
shapes_85_1,24.335024891630713,124.14599716667001,200091
shapes_85_1,24.335087346925327,124.15072560288537,200092
shapes_85_1,24.33513839699032,124.15427327156068,200093
shapes_85_1,24.335276341340204,124.15482342268662,200094
shapes_85_1,24.335496834567333,124.15533363830039,200095
shapes_85_1,24.33578086871707,124.15547907381554,200096
shapes_85_1,24.336254981386414,124.15554642699135,200097
shapes_85_1,24.33651294576604,124.15550529967733,200098
