shape_id,shape_pt_lat,shape_pt_lon,shape_pt_sequence,shape_dist_traveled
755a30be-1797-4f74-ba78-69fc667510c4,26.6775400,127.9970900,1,0.0000000
755a30be-1797-4f74-ba78-69fc667510c4,26.6774700,127.9976200,2,53.3214070
755a30be-1797-4f74-ba78-69fc667510c4,26.6773900,127.9979200,3,84.4701641
755a30be-1797-4f74-ba78-69fc667510c4,26.6773500,127.9982200,4,114.6582373
755a30be-1797-4f74-ba78-69fc667510c4,26.6773200,127.9985800,5,150.6452533
755a30be-1797-4f74-ba78-69fc667510c4,26.6773200,127.9991500,6,207.3811259
755a30be-1797-4f74-ba78-69fc667510c4,26.6773800,128.0000300,7,295.2252404
755a30be-1797-4f74-ba78-69fc667510c4,26.6775300,128.0006700,8,361.0609067
755a30be-1797-4f74-ba78-69fc667510c4,26.6776600,128.0010600,9,402.4662065
755a30be-1797-4f74-ba78-69fc667510c4,26.6778100,128.0015100,10,450.2415013
755a30be-1797-4f74-ba78-69fc667510c4,26.6788100,128.0039600,11,718.0945874
755a30be-1797-4f74-ba78-69fc667510c4,26.6794900,128.0056700,12,904.2296788
755a30be-1797-4f74-ba78-69fc667510c4,26.6801800,128.0073600,13,1089.0009686
755a30be-1797-4f74-ba78-69fc667510c4,26.6806500,128.0085300,14,1216.5687314
755a30be-1797-4f74-ba78-69fc667510c4,26.6811200,128.0096700,15,1341.4161323
755a30be-1797-4f74-ba78-69fc667510c4,26.6817100,128.0104600,16,1443.6718799
755a30be-1797-4f74-ba78-69fc667510c4,26.6822500,128.0112000,17,1538.5649814
755a30be-1797-4f74-ba78-69fc667510c4,26.6833400,128.0120700,18,1687.1711517
755a30be-1797-4f74-ba78-69fc667510c4,26.6842800,128.0123300,19,1794.4885879
755a30be-1797-4f74-ba78-69fc667510c4,26.6848300,128.0124800,20,1857.2299598
755a30be-1797-4f74-ba78-69fc667510c4,26.6857900,128.0127500,21,1966.9387664
755a30be-1797-4f74-ba78-69fc667510c4,26.6865600,128.0127100,22,2052.3465291
755a30be-1797-4f74-ba78-69fc667510c4,26.6873900,128.0126600,23,2144.4439265
755a30be-1797-4f74-ba78-69fc667510c4,26.6874700,128.0126500,24,2153.3635185
755a30be-1797-4f74-ba78-69fc667510c4,26.6884000,128.0124600,25,2258.1270587
755a30be-1797-4f74-ba78-69fc667510c4,26.6902800,128.0120600,26,2470.1986850
755a30be-1797-4f74-ba78-69fc667510c4,26.6909900,128.0119200,27,2550.0901650
755a30be-1797-4f74-ba78-69fc667510c4,26.6917200,128.0117700,28,2632.3393660
755a30be-1797-4f74-ba78-69fc667510c4,26.6931900,128.0114600,29,2798.1097867
755a30be-1797-4f74-ba78-69fc667510c4,26.6935500,128.0113100,30,2840.6993727
755a30be-1797-4f74-ba78-69fc667510c4,26.6951400,128.0107100,31,3026.7142020
755a30be-1797-4f74-ba78-69fc667510c4,26.6952800,128.0106100,32,3045.1441000
755a30be-1797-4f74-ba78-69fc667510c4,26.7000600,128.0075100,33,3658.0658337
755a30be-1797-4f74-ba78-69fc667510c4,26.7073000,128.0019000,34,4635.3920619
755a30be-1797-4f74-ba78-69fc667510c4,26.7108800,127.9999100,35,5078.7344423
755a30be-1797-4f74-ba78-69fc667510c4,26.7145900,127.9982400,36,5522.1168501
755a30be-1797-4f74-ba78-69fc667510c4,26.7185700,127.9964200,37,5998.8336351
755a30be-1797-4f74-ba78-69fc667510c4,26.7228700,127.9944800,38,6512.8874493
755a30be-1797-4f74-ba78-69fc667510c4,26.7238300,127.9941500,39,6624.2070285
755a30be-1797-4f74-ba78-69fc667510c4,26.7332200,127.9908400,40,7715.4877937
755a30be-1797-4f74-ba78-69fc667510c4,26.7352200,127.9904700,41,7940.1230123
755a30be-1797-4f74-ba78-69fc667510c4,26.7390200,127.9897100,42,8367.8955882
755a30be-1797-4f74-ba78-69fc667510c4,26.7439400,127.9887900,43,8920.6584167
755a30be-1797-4f74-ba78-69fc667510c4,26.7484800,127.9884500,44,9424.8240924
755a30be-1797-4f74-ba78-69fc667510c4,26.7548900,127.9884900,45,10135.0608417
755a30be-1797-4f74-ba78-69fc667510c4,26.7636300,127.9885700,46,11103.4833012
755a30be-1797-4f74-ba78-69fc667510c4,26.7806900,127.9886600,47,12993.7515783
755a30be-1797-4f74-ba78-69fc667510c4,26.8147300,127.9888800,48,16765.4587948
755a30be-1797-4f74-ba78-69fc667510c4,26.8831500,127.9893500,49,24346.6172833
755a30be-1797-4f74-ba78-69fc667510c4,26.8893900,127.9880200,50,25050.5343558
755a30be-1797-4f74-ba78-69fc667510c4,26.8932100,127.9868200,51,25490.2671760
755a30be-1797-4f74-ba78-69fc667510c4,26.8980400,127.9843700,52,26078.1898766
755a30be-1797-4f74-ba78-69fc667510c4,26.9018300,127.9818400,53,26567.5969179
755a30be-1797-4f74-ba78-69fc667510c4,26.9107800,127.9745000,54,27798.4754191
755a30be-1797-4f74-ba78-69fc667510c4,26.9126600,127.9724800,55,28087.7039323
755a30be-1797-4f74-ba78-69fc667510c4,26.9169900,127.9678700,56,28750.9259669
755a30be-1797-4f74-ba78-69fc667510c4,26.9182600,127.9662500,57,28964.6870252
755a30be-1797-4f74-ba78-69fc667510c4,26.9194900,127.9646800,58,29171.7907199
755a30be-1797-4f74-ba78-69fc667510c4,26.9209000,127.9628900,59,29408.4719479
755a30be-1797-4f74-ba78-69fc667510c4,26.9215300,127.9611300,60,29596.7042481
755a30be-1797-4f74-ba78-69fc667510c4,26.9219500,127.9585400,61,29858.1275880
755a30be-1797-4f74-ba78-69fc667510c4,26.9225600,127.9566000,62,30062.3248038
755a30be-1797-4f74-ba78-69fc667510c4,26.9235600,127.9551200,63,30246.4043891
755a30be-1797-4f74-ba78-69fc667510c4,26.9246700,127.9534400,64,30453.6939035
755a30be-1797-4f74-ba78-69fc667510c4,26.9249600,127.9532800,65,30489.5414054
755a30be-1797-4f74-ba78-69fc667510c4,26.9251400,127.9532100,66,30510.6628733
755a30be-1797-4f74-ba78-69fc667510c4,26.9255200,127.9531300,67,30553.5109180
755a30be-1797-4f74-ba78-69fc667510c4,26.9264500,127.9530900,68,30656.6336640
755a30be-1797-4f74-ba78-69fc667510c4,26.9268100,127.9530900,69,30696.5225162
755a30be-1797-4f74-ba78-69fc667510c4,26.9271900,127.9530700,70,30738.6742474
755a30be-1797-4f74-ba78-69fc667510c4,26.9278400,127.9530600,71,30810.7026428
755a30be-1797-4f74-ba78-69fc667510c4,26.9279400,127.9530400,72,30821.9595218
755a30be-1797-4f74-ba78-69fc667510c4,26.9281300,127.9529800,73,30843.8391115
755a30be-1797-4f74-ba78-69fc667510c4,26.9281800,127.9529600,74,30849.7245632
755a30be-1797-4f74-ba78-69fc667510c4,26.9282100,127.9529400,75,30853.5969097
755a30be-1797-4f74-ba78-69fc667510c4,26.9282700,127.9529000,76,30861.3416019
755a30be-1797-4f74-ba78-69fc667510c4,26.9283300,127.9528400,77,30870.2695511
755a30be-1797-4f74-ba78-69fc667510c4,26.9283800,127.9527600,78,30879.9557566
755a30be-1797-4f74-ba78-69fc667510c4,26.9284300,127.9526800,79,30889.6419593
755a30be-1797-4f74-ba78-69fc667510c4,26.9284500,127.9525600,80,30901.7643506
755a30be-1797-4f74-ba78-69fc667510c4,26.9284700,127.9523600,81,30921.7511081
755a30be-1797-4f74-ba78-69fc667510c4,26.9284900,127.9522200,82,30935.8310584
755a30be-1797-4f74-ba78-69fc667510c4,26.9285700,127.9517400,83,30984.3215639
987b6684-addf-41df-a797-1683428a06a1,26.9285700,127.9517400,1,0.0000000
987b6684-addf-41df-a797-1683428a06a1,26.9284800,127.9522300,2,49.6777926
987b6684-addf-41df-a797-1683428a06a1,26.9284700,127.9523800,3,64.6165820
987b6684-addf-41df-a797-1683428a06a1,26.9284400,127.9525700,4,83.7774674
987b6684-addf-41df-a797-1683428a06a1,26.9284000,127.9527100,5,98.3712267
987b6684-addf-41df-a797-1683428a06a1,26.9283900,127.9527700,6,104.4324247
987b6684-addf-41df-a797-1683428a06a1,26.9283400,127.9528300,7,112.5689687
987b6684-addf-41df-a797-1683428a06a1,26.9282900,127.9529000,8,121.4586593
987b6684-addf-41df-a797-1683428a06a1,26.9282400,127.9529300,9,127.7491718
987b6684-addf-41df-a797-1683428a06a1,26.9280600,127.9530100,10,149.2179907
987b6684-addf-41df-a797-1683428a06a1,26.9278900,127.9530500,11,168.4687753
987b6684-addf-41df-a797-1683428a06a1,26.9277400,127.9530600,12,185.1187815
987b6684-addf-41df-a797-1683428a06a1,26.9272500,127.9530700,13,239.4210314
987b6684-addf-41df-a797-1683428a06a1,26.9270000,127.9530800,14,267.1394245
987b6684-addf-41df-a797-1683428a06a1,26.9267800,127.9530900,15,291.5361709
987b6684-addf-41df-a797-1683428a06a1,26.9255100,127.9531200,16,432.2867088
987b6684-addf-41df-a797-1683428a06a1,26.9251000,127.9532300,17,479.0109157
987b6684-addf-41df-a797-1683428a06a1,26.9249500,127.9532900,18,496.6673193
987b6684-addf-41df-a797-1683428a06a1,26.9246800,127.9534400,19,530.0882540
987b6684-addf-41df-a797-1683428a06a1,26.9238200,127.9547000,20,687.3823042
987b6684-addf-41df-a797-1683428a06a1,26.9225300,127.9566500,21,928.0931846
987b6684-addf-41df-a797-1683428a06a1,26.9219500,127.9585700,22,1129.3309419
987b6684-addf-41df-a797-1683428a06a1,26.9215200,127.9610800,23,1383.1449268
987b6684-addf-41df-a797-1683428a06a1,26.9209200,127.9628600,24,1572.0280366
987b6684-addf-41df-a797-1683428a06a1,26.9189700,127.9653400,25,1899.6870431
987b6684-addf-41df-a797-1683428a06a1,26.9170400,127.9678000,26,2224.3946447
987b6684-addf-41df-a797-1683428a06a1,26.9160500,127.9688800,27,2377.8240749
987b6684-addf-41df-a797-1683428a06a1,26.9132800,127.9718200,28,2801.4775436
987b6684-addf-41df-a797-1683428a06a1,26.9106800,127.9746000,29,3200.5368144
987b6684-addf-41df-a797-1683428a06a1,26.9075100,127.9771500,30,3633.5886385
987b6684-addf-41df-a797-1683428a06a1,26.9021500,127.9815200,31,4369.2284697
987b6684-addf-41df-a797-1683428a06a1,26.8987800,127.9838500,32,4808.5535689
987b6684-addf-41df-a797-1683428a06a1,26.8978100,127.9845200,33,4934.9726787
987b6684-addf-41df-a797-1683428a06a1,26.8964100,127.9852200,34,5104.9699368
987b6684-addf-41df-a797-1683428a06a1,26.8937800,127.9865600,35,5425.3468388
987b6684-addf-41df-a797-1683428a06a1,26.8907200,127.9875400,36,5778.1027905
987b6684-addf-41df-a797-1683428a06a1,26.8891200,127.9880600,37,5962.7599035
987b6684-addf-41df-a797-1683428a06a1,26.8877500,127.9884100,38,6118.4902863
987b6684-addf-41df-a797-1683428a06a1,26.8828800,127.9893500,39,6666.1172818
987b6684-addf-41df-a797-1683428a06a1,26.8690200,127.9892200,40,8201.8813913
987b6684-addf-41df-a797-1683428a06a1,26.8512200,127.9891300,41,10174.1652313
987b6684-addf-41df-a797-1683428a06a1,26.8327300,127.9889600,42,12222.9461246
987b6684-addf-41df-a797-1683428a06a1,26.8146500,127.9889200,43,14226.2276818
987b6684-addf-41df-a797-1683428a06a1,26.7486000,127.9884500,44,21544.7231738
987b6684-addf-41df-a797-1683428a06a1,26.7452800,127.9886700,45,21913.2281052
987b6684-addf-41df-a797-1683428a06a1,26.7437500,127.9888100,46,22083.3224745
987b6684-addf-41df-a797-1683428a06a1,26.7394800,127.9896400,47,22563.5872396
987b6684-addf-41df-a797-1683428a06a1,26.7331100,127.9908500,48,23279.5712908
987b6684-addf-41df-a797-1683428a06a1,26.7310400,127.9916000,49,23520.7583386
987b6684-addf-41df-a797-1683428a06a1,26.7275000,127.9928400,50,23931.9322032
987b6684-addf-41df-a797-1683428a06a1,26.7228200,127.9944900,51,24475.8391826
987b6684-addf-41df-a797-1683428a06a1,26.7155200,127.9978000,52,25349.1549458
987b6684-addf-41df-a797-1683428a06a1,26.7118400,127.9994600,53,25789.0823868
987b6684-addf-41df-a797-1683428a06a1,26.7083000,128.0013300,54,26223.2125138
987b6684-addf-41df-a797-1683428a06a1,26.7072700,128.0019600,55,26353.4209988
987b6684-addf-41df-a797-1683428a06a1,26.7025600,128.0055800,56,26987.5429143
987b6684-addf-41df-a797-1683428a06a1,26.7000500,128.0075100,57,27325.5245449
987b6684-addf-41df-a797-1683428a06a1,26.6977300,128.0090300,58,27623.7830212
987b6684-addf-41df-a797-1683428a06a1,26.6951300,128.0106900,59,27955.8678638
987b6684-addf-41df-a797-1683428a06a1,26.6932900,128.0114100,60,28171.9636589
987b6684-addf-41df-a797-1683428a06a1,26.6903200,128.0120500,61,28507.1435465
987b6684-addf-41df-a797-1683428a06a1,26.6879900,128.0125200,62,28769.5080821
987b6684-addf-41df-a797-1683428a06a1,26.6874100,128.0126600,63,28835.2645412
987b6684-addf-41df-a797-1683428a06a1,26.6866300,128.0127100,64,28921.8306192
987b6684-addf-41df-a797-1683428a06a1,26.6858100,128.0127500,65,29012.7726573
987b6684-addf-41df-a797-1683428a06a1,26.6845900,128.0124200,66,29151.8800540
987b6684-addf-41df-a797-1683428a06a1,26.6839800,128.0122500,67,29221.5529554
987b6684-addf-41df-a797-1683428a06a1,26.6833500,128.0120700,68,29293.6184868
987b6684-addf-41df-a797-1683428a06a1,26.6827700,128.0116100,69,29372.5233608
987b6684-addf-41df-a797-1683428a06a1,26.6822600,128.0112000,70,29442.2254161
987b6684-addf-41df-a797-1683428a06a1,26.6816800,128.0104200,71,29543.0074089
987b6684-addf-41df-a797-1683428a06a1,26.6811300,128.0096900,72,29637.8385006
987b6684-addf-41df-a797-1683428a06a1,26.6810700,128.0095800,73,29650.6474050
987b6684-addf-41df-a797-1683428a06a1,26.6807400,128.0087500,74,29740.9899020
987b6684-addf-41df-a797-1683428a06a1,26.6803600,128.0078300,75,29841.7766438
987b6684-addf-41df-a797-1683428a06a1,26.6789500,128.0043200,76,30224.4820397
987b6684-addf-41df-a797-1683428a06a1,26.6782200,128.0025500,77,30418.3394222
987b6684-addf-41df-a797-1683428a06a1,26.6778600,128.0016500,78,30516.4006996
987b6684-addf-41df-a797-1683428a06a1,26.6775600,128.0008000,79,30607.3018269
987b6684-addf-41df-a797-1683428a06a1,26.6774900,128.0005200,80,30636.2310873
987b6684-addf-41df-a797-1683428a06a1,26.6773800,128.0000400,81,30685.5386477
987b6684-addf-41df-a797-1683428a06a1,26.6773400,127.9998200,82,30707.8806845
987b6684-addf-41df-a797-1683428a06a1,26.6773200,127.9994600,83,30743.7823179
987b6684-addf-41df-a797-1683428a06a1,26.6773100,127.9990400,84,30785.6023797
987b6684-addf-41df-a797-1683428a06a1,26.6773100,127.9985900,85,30830.3938620
987b6684-addf-41df-a797-1683428a06a1,26.6773300,127.9982800,86,30861.3296821
987b6684-addf-41df-a797-1683428a06a1,26.6773700,127.9979800,87,30891.5177604
987b6684-addf-41df-a797-1683428a06a1,26.6774500,127.9976600,88,30924.5798031
987b6684-addf-41df-a797-1683428a06a1,26.6775400,127.9970900,89,30982.1852495
