shape_id,shape_pt_lat,shape_pt_lon,shape_pt_sequence,shape_dist_traveled
19f96f0f-ff11-464a-ae71-7c4d9f57ce95,24.3636300,123.7941300,1,0.0000000
19f96f0f-ff11-464a-ae71-7c4d9f57ce95,24.3635200,123.7938000,2,35.6290613
19f96f0f-ff11-464a-ae71-7c4d9f57ce95,24.3635400,123.7931500,3,101.6177932
19f96f0f-ff11-464a-ae71-7c4d9f57ce95,24.3655400,123.7905800,4,443.7728554
19f96f0f-ff11-464a-ae71-7c4d9f57ce95,24.3672100,123.7891900,5,676.3792290
19f96f0f-ff11-464a-ae71-7c4d9f57ce95,24.3696300,123.7892900,6,944.6190212
19f96f0f-ff11-464a-ae71-7c4d9f57ce95,24.3718200,123.7894900,7,1188.0385515
19f96f0f-ff11-464a-ae71-7c4d9f57ce95,24.3732400,123.7892700,8,1346.8987802
19f96f0f-ff11-464a-ae71-7c4d9f57ce95,24.3741000,123.7887800,9,1454.3476657
19f96f0f-ff11-464a-ae71-7c4d9f57ce95,24.3750200,123.7879000,10,1589.8288071
19f96f0f-ff11-464a-ae71-7c4d9f57ce95,24.3764900,123.7866200,11,1798.0958526
19f96f0f-ff11-464a-ae71-7c4d9f57ce95,24.3783900,123.7855300,12,2035.8317601
19f96f0f-ff11-464a-ae71-7c4d9f57ce95,24.3789800,123.7847000,13,2142.4206118
19f96f0f-ff11-464a-ae71-7c4d9f57ce95,24.3789300,123.7835400,14,2260.2347078
19f96f0f-ff11-464a-ae71-7c4d9f57ce95,24.3798200,123.7819500,15,2449.2798714
19f96f0f-ff11-464a-ae71-7c4d9f57ce95,24.3810700,123.7804300,16,2656.5207096
19f96f0f-ff11-464a-ae71-7c4d9f57ce95,24.3837500,123.7777000,17,3062.5039006
19f96f0f-ff11-464a-ae71-7c4d9f57ce95,24.3850400,123.7767000,18,3237.7401898
19f96f0f-ff11-464a-ae71-7c4d9f57ce95,24.3857800,123.7766100,19,3320.2123575
19f96f0f-ff11-464a-ae71-7c4d9f57ce95,24.3876500,123.7768900,20,3529.2793137
19f96f0f-ff11-464a-ae71-7c4d9f57ce95,24.3880000,123.7771800,21,3577.9453147
19f96f0f-ff11-464a-ae71-7c4d9f57ce95,24.3881300,123.7775600,22,3619.0956891
19f96f0f-ff11-464a-ae71-7c4d9f57ce95,24.3877300,123.7814200,23,4013.1697577
19f96f0f-ff11-464a-ae71-7c4d9f57ce95,24.3884300,123.7834200,24,4230.3688071
19f96f0f-ff11-464a-ae71-7c4d9f57ce95,24.3889300,123.7836900,25,4292.1536083
19f96f0f-ff11-464a-ae71-7c4d9f57ce95,24.3893200,123.7835600,26,4337.3196757
19f96f0f-ff11-464a-ae71-7c4d9f57ce95,24.3898500,123.7827100,27,4441.6331212
19f96f0f-ff11-464a-ae71-7c4d9f57ce95,24.3913900,123.7813400,28,4661.6572523
19f96f0f-ff11-464a-ae71-7c4d9f57ce95,24.3930100,123.7812600,29,4841.2782175
19f96f0f-ff11-464a-ae71-7c4d9f57ce95,24.3944700,123.7828600,30,5070.3946482
19f96f0f-ff11-464a-ae71-7c4d9f57ce95,24.3962300,123.7832600,31,5269.5171017
19f96f0f-ff11-464a-ae71-7c4d9f57ce95,24.3977100,123.7823800,32,5456.1758037
19f96f0f-ff11-464a-ae71-7c4d9f57ce95,24.3999900,123.7811100,33,5739.6769453
19f96f0f-ff11-464a-ae71-7c4d9f57ce95,24.4020000,123.7786400,34,6074.8454986
19f96f0f-ff11-464a-ae71-7c4d9f57ce95,24.4029800,123.7789100,35,6186.7958412
4641ecbe-15d4-4f5f-8778-17af74538a43,24.4029800,123.7789100,1,0.0000000
4641ecbe-15d4-4f5f-8778-17af74538a43,24.4016500,123.7790800,2,148.3219701
4641ecbe-15d4-4f5f-8778-17af74538a43,24.4000000,123.7811100,3,423.6416550
4641ecbe-15d4-4f5f-8778-17af74538a43,24.3989000,123.7816900,4,558.9425984
4641ecbe-15d4-4f5f-8778-17af74538a43,24.3978600,123.7822700,5,688.2913625
4641ecbe-15d4-4f5f-8778-17af74538a43,24.3962700,123.7832400,6,890.0282888
4641ecbe-15d4-4f5f-8778-17af74538a43,24.3957700,123.7831300,7,946.5231505
4641ecbe-15d4-4f5f-8778-17af74538a43,24.3944700,123.7828600,8,1093.0978891
4641ecbe-15d4-4f5f-8778-17af74538a43,24.3937000,123.7819900,9,1215.8275388
4641ecbe-15d4-4f5f-8778-17af74538a43,24.3929100,123.7810300,10,1346.7482128
4641ecbe-15d4-4f5f-8778-17af74538a43,24.3918600,123.7811100,11,1463.3331173
4641ecbe-15d4-4f5f-8778-17af74538a43,24.3908800,123.7816900,12,1586.8017395
4641ecbe-15d4-4f5f-8778-17af74538a43,24.3900200,123.7824900,13,1711.9410537
4641ecbe-15d4-4f5f-8778-17af74538a43,24.3893600,123.7835800,14,1844.4951390
4641ecbe-15d4-4f5f-8778-17af74538a43,24.3889800,123.7836600,15,1887.3606489
4641ecbe-15d4-4f5f-8778-17af74538a43,24.3884300,123.7834300,16,1952.5959746
4641ecbe-15d4-4f5f-8778-17af74538a43,24.3882500,123.7829900,17,2001.4817941
4641ecbe-15d4-4f5f-8778-17af74538a43,24.3877400,123.7814500,18,2167.6056010
4641ecbe-15d4-4f5f-8778-17af74538a43,24.3881700,123.7776800,19,2553.0053821
4641ecbe-15d4-4f5f-8778-17af74538a43,24.3880000,123.7771900,20,2606.1600640
4641ecbe-15d4-4f5f-8778-17af74538a43,24.3876900,123.7769300,21,2649.4577109
4641ecbe-15d4-4f5f-8778-17af74538a43,24.3858300,123.7765900,22,2858.3457278
4641ecbe-15d4-4f5f-8778-17af74538a43,24.3850700,123.7767000,23,2943.2626440
4641ecbe-15d4-4f5f-8778-17af74538a43,24.3836100,123.7778300,24,3141.4874586
4641ecbe-15d4-4f5f-8778-17af74538a43,24.3827500,123.7786800,25,3269.9773525
4641ecbe-15d4-4f5f-8778-17af74538a43,24.3805800,123.7810200,26,3607.8034537
4641ecbe-15d4-4f5f-8778-17af74538a43,24.3798400,123.7819300,27,3731.2590308
4641ecbe-15d4-4f5f-8778-17af74538a43,24.3789300,123.7835200,28,3921.4687560
4641ecbe-15d4-4f5f-8778-17af74538a43,24.3789700,123.7847100,29,4042.2774342
4641ecbe-15d4-4f5f-8778-17af74538a43,24.3783900,123.7855500,30,4148.9991541
4641ecbe-15d4-4f5f-8778-17af74538a43,24.3765200,123.7866000,31,4381.9148643
4641ecbe-15d4-4f5f-8778-17af74538a43,24.3752900,123.7876600,32,4555.4841005
4641ecbe-15d4-4f5f-8778-17af74538a43,24.3741400,123.7887500,33,4724.1685896
4641ecbe-15d4-4f5f-8778-17af74538a43,24.3732600,123.7892500,34,4834.0508545
4641ecbe-15d4-4f5f-8778-17af74538a43,24.3718700,123.7895100,35,4990.2557367
4641ecbe-15d4-4f5f-8778-17af74538a43,24.3702600,123.7893300,36,5169.5178206
4641ecbe-15d4-4f5f-8778-17af74538a43,24.3684500,123.7892400,37,5370.2077519
4641ecbe-15d4-4f5f-8778-17af74538a43,24.3672600,123.7891800,38,5502.1568957
4641ecbe-15d4-4f5f-8778-17af74538a43,24.3655300,123.7905800,39,5740.6851352
4641ecbe-15d4-4f5f-8778-17af74538a43,24.3635200,123.7931500,40,6083.5583939
4641ecbe-15d4-4f5f-8778-17af74538a43,24.3635400,123.7938600,41,6155.6318184
4641ecbe-15d4-4f5f-8778-17af74538a43,24.3636300,123.7941300,42,6184.7844267
